1 0 0.174080493157
2 1 0.180932734412
3 2 0.187619392473
4 3 0.195858023534
5 4 0.202821952395
6 5 0.20430353515
7 6 0.196254182796
8 7 0.197039523437
9 8 0.204983697519
10 9 0.201942507899
11 10 0.19540081836
12 11 0.200970270684
13 12 0.207049327115
14 13 0.200902246448
15 14 0.198248196904
16 15 0.206524740109
17 16 0.209366625964
18 17 0.212999373266
19 18 0.206715257024
20 19 0.20028867753
21 20 0.194939739119
22 21 0.187079715233
23 22 0.183786437338
24 23 0.177548194018
25 24 0.182565872473
26 25 0.18066515607
27 26 0.186676896462
28 27 0.189479010024
29 28 0.185206700722
30 29 0.177840619605
31 30 0.170200292353
32 31 0.164150602286
33 32 0.157832535409
34 33 0.151656002339
35 34 0.14460706374
36 35 0.141403434354
37 36 0.134178157117
38 37 0.132658880911
39 38 0.126783794218
40 39 0.120569533302
41 40 0.116587827912
42 41 0.113062413637
43 42 0.109563430067
44 43 0.117756330242
45 44 0.124863112513
46 45 0.129533423256
47 46 0.129226666002
48 47 0.133957710648
49 48 0.134424807289
50 49 0.141572942469
51 50 0.143237594137
52 51 0.150709698195
53 52 0.154183610792
54 53 0.156013911306
55 54 0.148637818101
56 55 0.14888378824
57 56 0.141747108295
58 57 0.139931476482
59 58 0.133251952228
60 59 0.134245897775
61 60 0.128413882466
62 61 0.130750546304
63 62 0.125702192391
64 63 0.128471140412
65 64 0.127011920207
66 65 0.130892544032
67 66 0.137269085326
68 67 0.1451121406
69 68 0.154876390389
70 69 0.160295026143
71 70 0.154723955426
72 71 0.152094497439
73 72 0.16200175375
74 73 0.158164218782
75 74 0.152637216165
76 75 0.150599129104
77 76 0.146705353409
78 77 0.146758616773
79 78 0.14131749817
80 79 0.143875956409
81 80 0.139689185784
82 81 0.144318747234
83 82 0.14063891155
84 83 0.145858809027
85 84 0.149184331246
86 85 0.147735493659
87 86 0.14522659542
88 87 0.153959608262
89 88 0.158889572963
90 89 0.167399333932
91 90 0.164439391977
92 91 0.156098239861
93 92 0.16006433245
94 93 0.168018576004
95 94 0.162501675277
96 95 0.156992897003
97 96 0.16548010235
98 97 0.169637116388
99 98 0.162023942599
100 99 0.161560643648
101 100 0.17182777826
102 101 0.17063019649
103 102 0.164080950606
104 103 0.168399174306
105 104 0.167708606118
106 105 0.178587080543
107 106 0.181598382865
108 107 0.176423672452
109 108 0.169509089756
110 109 0.171222417636
111 110 0.165453488547
112 111 0.168556266186
113 112 0.16078220736
114 113 0.152990392156
115 114 0.156173874538
116 115 0.149661600942
117 116 0.153890280282
118 117 0.161767450127
119 118 0.154034815005
120 119 0.146142143737
121 120 0.147180223994
122 121 0.141148607487
123 122 0.140325019969
124 123 0.139666778995
125 124 0.13529669299
126 125 0.138557210201
127 126 0.133772631556
128 127 0.137967552753
129 128 0.135012409869
130 129 0.141085657194
131 130 0.138104470879
132 131 0.145550020319
133 132 0.153092324576
134 133 0.160812312078
135 134 0.165641641887
136 135 0.166430785669
137 136 0.158602314222
138 137 0.162385001169
139 138 0.163374429146
140 139 0.155202330886
141 140 0.151216363729
142 141 0.157060396356
143 142 0.154638880321
144 143 0.145910856682
145 144 0.147294982784
146 145 0.153055934833
147 146 0.146937320474
148 147 0.140247971851
149 148 0.145786248594
150 149 0.149158292493
151 150 0.140631393468
152 151 0.137052221132
153 152 0.134073520161
154 153 0.13288212805
155 154 0.128459540278
156 155 0.135339513691
157 156 0.137038626158
158 157 0.136176538386
159 158 0.137878413643
160 159 0.148789132647
161 160 0.154690163156
162 161 0.159020377496
163 162 0.152039872047
164 163 0.1612704973
165 164 0.16087651386
166 165 0.151171868871
167 166 0.144474065834
168 167 0.136199851567
169 168 0.12711050816
170 169 0.12909196368
171 170 0.123389478932
172 171 0.124255783267
173 172 0.123784398944
174 173 0.11466726386
175 174 0.119134241594
176 175 0.129340291565
177 176 0.132085746388
178 177 0.142022425033
179 178 0.144646111024
180 179 0.148117846525
181 180 0.158302068014
182 181 0.161650710449
183 182 0.167445318258
184 183 0.162599155277
185 184 0.169327392056
186 185 0.168708101931
187 186 0.170995812259
188 187 0.175433807586
189 188 0.177696469825
190 189 0.185091950546
191 190 0.188749955011
192 191 0.197997452524
193 192 0.20080403298
194 193 0.210143369011
195 194 0.212345019178
196 195 0.204111787561
197 196 0.197297905888
198 197 0.188513173623
199 198 0.181663426274
200 199 0.173564620978
201 200 0.176606887639
202 201 0.17253913234
203 202 0.172193760534
204 203 0.179386859908
205 204 0.183233124162
206 205 0.182248347263
207 206 0.18548148018
208 207 0.193458476222
209 208 0.194133335148
210 209 0.201806153363
211 210 0.197653547495
212 211 0.191032801918
213 212 0.189957385012
214 213 0.18299039158
215 214 0.185451388624
216 215 0.180652257844
217 216 0.18143303953
218 217 0.181125436112
219 218 0.186071874828
220 219 0.190445335957
221 220 0.195158116606
222 221 0.194518049321
223 222 0.191637732219
224 223 0.189738012354
225 224 0.185271409448
226 225 0.191021640192
227 226 0.190532179806
228 227 0.194727552437
229 228 0.188712957022
230 229 0.190222193263
231 230 0.1835579094
232 231 0.186922692641
233 232 0.193233794482
234 233 0.199260343226
235 234 0.202683067541
236 235 0.203539983558
237 236 0.211946843816
238 237 0.216659258547
239 238 0.216330755832
240 239 0.223378085826
241 240 0.222943156887
242 241 0.22229590628
243 242 0.213048604452
244 243 0.209888933843
245 244 0.213958132741
246 245 0.209768996998
247 246 0.200589284881
248 247 0.201474505163
249 248 0.205329681412
250 249 0.197870810268
251 250 0.190902794421
252 251 0.196623794648
253 252 0.196301971048
254 253 0.187265549256
255 254 0.182167481507
256 255 0.183157313497
257 256 0.179574853428
258 257 0.171909813861
259 258 0.170868388569
260 259 0.172432883031
261 260 0.165387339757
262 261 0.160164118208
263 262 0.162469303633
264 263 0.158491521815
265 264 0.152044951012
