1 0 0.294818034399
2 1 0.298028493036
3 2 0.292464321433
4 3 0.297093443324
5 4 0.302324167408
6 5 0.295045522688
7 6 0.287040697937
8 7 0.283931629963
9 8 0.286957958866
10 9 0.278462266618
11 10 0.26773392487
12 11 0.258276246093
13 12 0.248207467299
14 13 0.249001896715
15 14 0.259841341298
16 15 0.263524743824
17 16 0.269772047126
18 17 0.272249349979
19 18 0.268939709037
20 19 0.264480756742
21 20 0.273385316997
22 21 0.283576862136
23 22 0.292626615247
24 23 0.303183907407
25 24 0.312089182442
26 25 0.318264008273
27 26 0.326042010059
28 27 0.323033671809
29 28 0.313300523119
30 29 0.304339301876
31 30 0.2992189149
32 31 0.288865527585
33 32 0.284311195076
34 33 0.274367398492
35 34 0.270010219572
36 35 0.261750581787
37 36 0.2547300342
38 37 0.255582560089
39 38 0.250846131878
40 39 0.250174006851
41 40 0.250899742806
42 41 0.244775425055
43 42 0.246329589099
44 43 0.242713201532
45 44 0.242926550928
46 45 0.246792133916
47 46 0.248988227977
48 47 0.258242833643
49 48 0.263798426045
50 49 0.255529563922
51 50 0.256320064642
52 51 0.250618620669
53 52 0.254983206993
54 53 0.252374713132
55 54 0.257913547298
56 55 0.257973712377
57 56 0.253862466716
58 57 0.254657294193
59 58 0.245121771883
60 59 0.249251010173
61 60 0.256584190753
62 61 0.266236720635
63 62 0.275157915435
64 63 0.27556270318
65 64 0.279442185381
66 65 0.281113492214
67 66 0.282993162429
68 67 0.284812742825
69 68 0.278667673973
70 69 0.277806520501
71 70 0.273977483058
72 71 5.99606220658
73 71 5.99606220658
74 71 5.99606220658
75 71 5.99606220658
76 71 5.99606220658
77 72 7.8052552316
78 72 7.8052552316
79 72 7.8052552316
80 72 7.8052552316
81 72 7.8052552316
82 73 9.63761581783
83 73 9.63761581783
84 73 9.63761581783
85 73 9.63761581783
86 73 9.63761581783
87 74 8.42538147826
88 74 8.42538147826
89 74 8.42538147826
90 74 8.42538147826
91 74 8.42538147826
92 75 6.23070412072
93 75 6.23070412072
94 75 6.23070412072
95 75 6.23070412072
96 75 6.23070412072
97 76 6.00462488096
98 76 6.00462488096
99 77 0.296754071103
100 78 0.29704554005
101 79 0.293363418169
102 80 0.29426948163
103 81 0.286924609366
104 82 0.287241741002
105 83 0.278200594982
106 84 0.277916071555
107 85 0.270445565845
108 86 0.26855076161
109 87 0.263687844005
110 88 0.26296007632
111 89 0.264504185929
112 90 0.261605358805
113 91 0.270952832377
114 92 3.51180177606
115 92 3.51180177606
116 92 3.51180177606
117 92 3.51180177606
118 92 3.51180177606
119 93 4.55589198757
120 93 4.55589198757
121 93 4.55589198757
122 93 4.55589198757
123 93 4.55589198757
124 94 4.93521612485
125 94 4.93521612485
126 95 0.251689762941
127 96 0.244706100239
128 97 0.238217373409
129 98 0.233599899415
130 99 0.240683557038
131 100 0.242972678205
132 101 0.233234407393
133 102 0.233922243817
134 103 0.23500161441
135 104 0.237372442049
136 105 0.246740013896
137 106 0.247373971994
138 107 0.250308679765
139 108 0.244311722212
140 109 0.244431222175
141 110 0.23508631776
142 111 0.230928117497
143 112 0.226155938562
144 113 0.215933943223
145 114 0.212663999884
146 115 0.217624456651
147 116 0.213383707944
148 117 0.217392777081
149 118 0.219149786527
150 119 0.21968563848
151 120 0.221685480392
152 121 0.215443873052
153 122 0.220738957534
154 123 0.220001513316
155 124 0.227539693909
156 125 0.233126315162
157 126 0.241734470892
158 127 0.245720439595
159 128 0.256136413221
160 129 0.261226668915
161 130 0.269031292275
162 131 0.279666976252
163 132 4.25276698684
164 132 4.25276698684
165 132 4.25276698684
166 132 4.25276698684
167 132 4.25276698684
168 133 6.01789927385
169 133 6.01789927385
170 133 6.01789927385
171 133 6.01789927385
172 133 6.01789927385
173 134 7.17453202781
174 134 7.17453202781
175 134 7.17453202781
176 134 7.17453202781
177 134 7.17453202781
178 135 6.34429528999
179 135 6.34429528999
180 135 6.34429528999
181 135 6.34429528999
182 135 6.34429528999
183 136 4.85769607127
184 136 4.85769607127
185 137 0.287296814606
186 138 0.277501182476
187 139 0.270482750132
188 140 0.259524117354
189 141 0.250478185547
190 142 0.243752392686
191 143 0.232655154885
192 144 0.229621676277
193 145 0.218925099543
194 146 0.213928603826
195 147 0.212637053432
196 148 0.204412054336
197 149 0.197406047758
198 150 0.199907917672
199 151 0.205023206776
200 152 0.213271397076
201 153 0.214017815711
202 154 0.212328657387
203 155 0.217696847948
204 156 0.219011575648
205 157 0.227641024864
206 158 0.226354482089
207 159 0.231811331291
208 160 0.237428002072
209 161 0.239660895865
210 162 0.243584827398
211 163 0.253258574392
212 164 0.258372634338
213 165 0.262170474179
214 166 0.256550538332
215 167 0.247452878473
216 168 0.243323873079
217 169 0.244495755519
218 170 0.242086020738
219 171 0.23826847156
220 172 0.23310662563
221 173 0.2345644452
222 174 0.245501874757
223 175 0.245500613743
224 176 0.2393294834
225 177 0.234792032752
226 178 0.226620092146
227 179 0.231065106317
228 180 0.239983569588
229 181 0.243769505603
230 182 0.244669259178
231 183 0.25033243433
232 184 0.24538826634
233 185 0.245361379153
234 186 0.237184353487
235 187 0.235131582809
236 188 0.227143452678
237 189 0.220179176936
238 190 0.213494950973
239 191 0.204312901577
240 192 0.200901021612
241 193 0.199887124363
242 194 0.208608454658
243 195 0.217985758118
244 196 0.223587033541
245 197 0.232511289604
246 198 0.240741079113
247 199 0.248766119507
248 200 0.254295905248
249 201 0.263386266124
250 202 0.271741201986
251 203 0.269880490455
252 204 0.259248489118
253 205 0.254146355003
254 206 0.253278591966
255 207 0.259747722926
256 208 0.256847578321
257 209 0.252663584106
258 210 0.252534132189
259 211 0.25295777585
260 212 0.243392961498
261 213 0.236376981091
262 214 0.240311541417
263 215 0.240754966657
264 216 0.252227514263
265 217 0.261743616743
266 218 0.265348496821
267 219 0.267939847792
268 220 0.275155380507
269 221 0.276087483025
270 222 0.285647410135
271 223 0.282986180559
272 224 0.275832804361
273 225 0.269434830104
274 226 0.271794583409
275 227 0.270166783106
276 228 0.27633046882
277 229 0.276609122994
278 230 0.286886395156
279 231 0.283728711138
280 232 0.278509845104
281 233 0.283631102888
282 234 0.274127760164
283 235 0.271504677952
284 236 0.261623154273
285 237 0.259418678766
286 238 0.255280897017
287 239 0.256150328102
288 240 0.263195358826
289 241 0.267863750228
290 242 0.278515388136
291 243 0.285375339606
292 244 5.18820907172
