1 0 0.0575460985443
2 1 0.0633703310016
3 2 0.0666388066702
4 3 0.0719085049679
5 4 0.0723593200261
6 5 0.0720859986886
7 6 0.0737123013992
8 7 0.075404379743
9 8 0.0746212330343
10 9 0.0827053876135
11 10 0.0834771210391
12 11 0.0850091058737
13 12 0.0816445966903
14 13 0.0826557203677
15 14 0.0888866790444
16 15 0.091387290028
17 16 0.0905264355489
18 17 0.0883603944623
19 18 0.0825837706005
20 19 0.086745154289
21 20 0.0914386326635
22 21 0.0936272222447
23 22 0.0952907670647
24 23 0.101256644384
25 24 0.104190750584
26 25 0.109913480106
27 26 0.114595219373
28 27 0.120744992484
29 28 0.127267302948
30 29 0.133931813246
31 30 0.131245306637
32 31 0.137123186295
33 32 0.143667032327
34 33 0.148688120435
35 34 0.145648941376
36 35 0.145313690632
37 36 0.148975891003
38 37 0.140938723574
39 38 0.133208906704
40 39 0.125274121461
41 40 0.119777752306
42 41 0.113007867451
43 42 0.107930991685
44 43 0.102008329252
45 44 0.0984823318803
46 45 0.100786711129
47 46 0.102760920644
48 47 0.109795648719
49 48 0.114318643828
50 49 0.121820289233
51 50 0.126036946035
52 51 0.134242560973
53 52 0.140446470421
54 53 0.147815966872
55 54 0.154671545215
56 55 0.159205324304
57 56 0.163510936497
58 57 0.168018579913
59 58 0.163889983914
60 59 0.165343924959
61 60 0.167961008314
62 61 0.172811472762
63 62 0.169549637722
64 63 0.16157040706
65 64 0.165042091015
66 65 0.164220198314
67 66 0.17162787752
68 67 0.167807656655
69 68 0.16120913511
70 69 0.157536008727
71 70 0.151458820892
72 71 0.143955835928
73 72 0.139136595132
74 73 0.131636859926
75 74 0.128834059681
76 75 0.121414003798
77 76 0.121800390239
78 77 0.114720800529
79 78 0.118391631331
80 79 0.118082732184
81 80 0.115920358798
82 81 0.109187966375
83 82 0.103595391865
84 83 0.104154065226
85 84 0.106820689188
86 85 0.114177604142
87 86 0.113934737104
88 87 0.122046768118
89 88 0.122928978334
90 89 0.123624667763
91 90 0.117944526657
92 91 0.124996489526
93 92 0.125169506302
94 93 0.116154731104
95 94 0.112942070892
96 95 0.106719102612
97 96 0.113183159294
98 97 0.118615199897
99 98 0.113106954664
100 99 0.112931803572
101 100 0.121272275389
102 101 0.12259619649
103 102 0.11799938832
104 103 0.122627975949
105 104 0.130021133184
106 105 0.12821912215
107 106 0.127044512814
108 107 0.134283439728
109 108 0.139695495428
110 109 0.140431454987
111 110 0.140686654572
112 111 0.145609877869
113 112 0.154504551508
114 113 0.15542598073
115 114 0.162837011589
116 115 0.16783223271
117 116 0.165882085774
118 117 0.168729555121
119 118 0.169763457857
120 119 0.164217737609
121 120 0.156252391271
122 121 0.149720995843
123 122 0.144149772085
124 123 0.13639034702
125 124 0.132667184843
126 125 0.12475324608
127 126 0.12181618865
128 127 0.114248047453
129 128 0.114978461879
130 129 0.107851212193
131 130 0.101144469294
132 131 0.094421971476
133 132 0.0906718781582
134 133 0.0939933393288
135 134 0.100448303919
136 135 0.104088671279
137 136 0.103935676244
138 137 0.106213909025
139 138 0.112644889228
140 139 0.115908226912
141 140 0.114833939882
142 141 0.118728904972
143 142 0.125977567397
144 143 0.126877420628
145 144 0.125908994163
146 145 0.131578440852
147 146 0.138159655188
148 147 0.137710916902
149 148 0.138259607554
150 149 0.146157961103
151 150 0.150022966442
152 151 0.151124626308
153 152 0.151995420778
154 153 0.145523011473
155 154 0.144310189415
156 155 0.134404379142
157 156 0.126126134387
158 157 0.121592091181
159 158 0.112691473079
160 159 0.107067345532
161 160 0.0985272247304
162 161 0.0917775054334
163 162 0.0851845577121
164 163 0.0784666592409
165 164 0.0730652452522
166 165 0.0678444325581
167 166 0.0638556624647
168 167 0.0664140802184
169 168 0.0706193060044
170 169 0.0756204843081
171 170 0.0787927494585
172 171 0.0849812202328
173 172 0.0882855972101
174 173 0.0842413722717
175 174 0.0860810146229
176 175 0.0856991427874
177 176 0.0802926551227
178 177 0.0766358551063
179 178 0.0790203136441
180 179 0.0762169275147
181 180 0.0698209674027
182 181 0.0705087610895
183 182 0.07566474653
184 183 0.0822989567754
185 184 0.0893123705722
186 185 0.0968672738703
187 186 0.102902143053
188 187 0.111583815542
189 188 0.114013560255
190 189 0.122842656557
191 190 0.122073952807
192 191 0.116748704619
193 192 0.11892227614
194 193 0.113953657115
195 194 0.121452134105
196 195 0.117145927959
197 196 0.121036302651
198 197 0.112878970188
199 198 0.105096951055
200 199 0.0990780593211
201 200 0.090740715192
202 201 0.0871302247002
203 202 0.0791796593848
204 203 0.0743810573737
205 204 0.0761357538006
206 205 0.0744163178795
207 206 0.0809592891393
208 207 0.0782734074332
209 208 0.078217474418
210 209 0.0860218620014
211 210 0.090490134459
212 211 0.0839865310138
213 212 0.0846795324354
214 213 0.0936533421877
215 214 0.0922139960836
216 215 0.0882447217067
217 216 0.0934072841974
218 217 0.100308064863
219 218 0.0971477993339
220 219 0.0959318016607
221 220 0.102547051274
222 221 0.105890591918
223 222 0.10321720735
224 223 0.105293755641
225 224 0.111935595882
226 225 0.111463738014
227 226 0.110336556324
228 227 0.115095116638
229 228 0.119478012275
230 229 0.117873503417
231 230 0.119065627095
232 231 0.12473146669
233 232 0.127136569863
234 233 0.125959082876
235 234 0.129189135628
236 235 0.134225185115
237 236 0.134694811292
238 237 0.135145807995
239 238 0.139953849882
240 239 0.143784433793
241 240 0.143697784585
242 241 0.145875805987
243 242 5.39746907063
244 242 5.39746907063
245 242 5.39746907063
246 242 5.39746907063
247 242 5.39746907063
248 243 10.1672979609
249 243 10.1672979609
250 243 10.1672979609
251 243 10.1672979609
252 243 10.1672979609
253 244 11.8444941882
254 244 11.8444941882
255 244 11.8444941882
256 244 11.8444941882
257 244 11.8444941882
258 245 14.6932376938
259 245 14.6932376938
260 245 14.6932376938
261 245 14.6932376938
262 245 14.6932376938
263 246 16.6799697977
264 246 16.6799697977
265 246 16.6799697977
