1 0 0.190516075318
2 1 0.183903476213
3 2 0.178836516606
4 3 0.17366358517
5 4 0.173180975972
6 5 0.169987169278
7 6 0.174405049411
8 7 0.170120935373
9 8 0.158806462098
10 9 0.155898139926
11 10 0.155644097634
12 11 0.155596724433
13 12 0.164497894896
14 13 0.175958064437
15 14 0.176614273721
16 15 0.169456682581
17 16 0.168709300292
18 17 0.162286553086
19 18 0.167892532714
20 19 0.16367033951
21 20 0.16849458987
22 21 0.162247866292
23 22 0.151502404471
24 23 0.15563291459
25 24 0.15280988112
26 25 0.156143495997
27 26 0.155704833911
28 27 0.16331214925
29 28 0.165579643561
30 29 0.174590943138
31 30 0.175201883848
32 31 0.18513203026
33 32 0.191622617131
34 33 0.184042169096
35 34 0.182999468442
36 35 0.182278280889
37 36 0.177692543033
38 37 0.184739888064
39 38 0.184498498678
40 39 0.186200533351
41 40 0.194601511191
42 41 0.204614281076
43 42 0.212893709992
44 43 0.219196251316
45 44 0.213171429138
46 45 0.203213093982
47 46 0.19418917717
48 47 0.187785011179
49 48 0.176637121331
50 49 0.173707495208
51 50 0.162887859033
52 51 0.158633014026
53 52 0.147414623067
54 53 0.143342799077
55 54 0.136184570862
56 55 0.128851602519
57 56 0.127327515761
58 57 0.133524687003
59 58 0.144674947495
60 59 0.150247824183
61 60 0.161440964722
62 61 0.161744321933
63 62 0.160396399949
64 63 0.167761917444
65 64 0.175914378218
66 65 0.172971909226
67 66 0.174592460197
68 67 0.184827095175
69 68 0.189297470233
70 69 0.185695586192
71 70 0.191219991376
72 71 0.201211875271
73 72 0.201187708174
74 73 0.198200642426
75 74 0.204721078896
76 75 0.215372839239
77 76 0.211863768749
78 77 0.209818551538
79 78 0.218738069514
80 79 0.213706917722
81 80 0.222357767704
82 81 0.220397130253
83 82 0.210299011714
84 83 0.211758486316
85 84 0.202896635657
86 85 0.195953173073
87 86 0.187333081448
88 87 0.184653160831
89 88 0.173935268912
90 89 0.172941740256
91 90 0.162377685582
92 91 0.159749371116
93 92 0.148939779698
94 93 0.14853982663
95 94 0.140072606109
96 95 0.140960856361
97 96 0.146944091689
98 97 0.150529757917
99 98 0.152873602353
100 99 0.148903940662
101 100 0.149641304514
102 101 0.149725579932
103 102 0.160183187127
104 103 0.165066438234
105 104 0.166174681672
106 105 0.174882355436
107 106 0.170445833654
108 107 0.164490312666
109 108 0.17449421812
110 109 0.181132274684
111 110 0.173018470156
112 111 0.172276106983
113 112 0.184001138877
114 113 0.184846475663
115 114 0.175877729399
116 115 0.180035592334
117 116 0.190590821273
118 117 0.186279364238
119 118 0.180349382696
120 119 0.190067417505
121 120 0.19560409417
122 121 0.187369763031
123 122 0.188021689299
124 123 0.199135819643
125 124 0.202491798951
126 125 0.213202079913
127 126 0.214334959603
128 127 0.224264799406
129 128 0.222351659076
130 129 0.2145667122
131 130 0.208047843365
132 131 0.202009870522
133 132 0.195794221776
134 133 0.192952496216
135 134 0.187631159331
136 135 0.193786462354
137 136 0.191427563553
138 137 0.197209328703
139 138 0.191286809455
140 139 0.192342123775
141 140 0.196997663124
142 141 0.201395288244
143 142 0.205695423318
144 143 0.205527944072
145 144 0.205401456864
146 145 0.19579545628
147 146 0.195663255024
148 147 0.184696711806
149 148 0.178689761062
150 149 0.167100712383
151 150 0.159022777315
152 151 0.159634562962
153 152 0.171574619852
154 153 0.171321313126
155 154 0.165327694601
156 155 0.174478167586
157 156 0.183287863627
158 157 0.192606715786
159 158 0.194727184509
160 159 0.1895881166
161 160 0.195809865839
162 161 0.194243904117
163 162 0.203650138174
164 163 0.205032080511
165 164 0.215678438721
166 165 0.220587305618
167 166 0.225886507173
168 167 0.234228319313
169 168 0.242033563612
170 169 0.234635900813
171 170 0.228457077217
172 171 0.238231029412
173 172 0.241606313344
174 173 0.235148590002
175 174 0.237054243637
176 175 0.23177564279
177 176 0.223139756073
178 177 0.21443599233
179 178 0.207796538283
180 179 0.20885450316
181 180 0.200520580812
182 181 0.20336515115
183 182 0.196932125328
184 183 0.198323669576
185 184 0.20760317024
186 185 0.215866034821
187 186 0.227891053473
188 187 0.235946952938
189 188 0.23699516838
190 189 0.225075787307
191 190 0.225202065585
192 191 0.23359361901
193 192 0.229338593982
194 193 0.218895238563
195 194 0.22458849454
196 195 0.23093538023
197 196 0.221631348173
198 197 0.214665189623
199 198 0.222676857975
200 199 0.223216060993
201 200 0.21120837963
202 201 0.210710737678
203 202 0.219651787869
204 203 0.213944834041
205 204 0.203825732796
206 205 0.209804173594
207 206 0.214643877464
208 207 0.203480311435
209 208 0.19920047538
210 209 0.208609949595
211 210 0.205661550757
212 211 0.193836263061
213 212 0.197104796073
214 213 0.204891619156
215 214 0.197512402987
216 215 0.188636530797
217 216 0.19509760134
218 217 0.203827810917
219 218 0.196777376683
220 219 0.193845862099
221 220 0.205322008148
222 221 0.213324915737
223 222 0.224081458713
224 223 5.10279569111
225 223 5.10279569111
226 223 5.10279569111
227 223 5.10279569111
228 223 5.10279569111
229 224 8.50268078105
230 224 8.50268078105
231 224 8.50268078105
232 224 8.50268078105
233 224 8.50268078105
234 225 10.9746623508
235 225 10.9746623508
236 225 10.9746623508
237 225 10.9746623508
238 225 10.9746623508
239 226 10.924538009
240 226 10.924538009
241 226 10.924538009
242 226 10.924538009
243 226 10.924538009
244 227 10.2887620212
245 227 10.2887620212
246 227 10.2887620212
247 228 12.8056348561
248 229 12.9608714859
249 230 12.6506635232
250 231 11.2193294299
251 232 10.1317912337
252 233 9.9060262372
253 234 9.03115060918
254 235 7.69766919613
255 236 7.69040171421
256 237 6.45505362812
257 238 5.39737048285
258 239 5.76569749863
259 240 6.50508096013
260 241 6.98727976311
261 242 8.33671031601
262 243 9.08053672202
263 244 10.7246075916
264 245 12.0318330192
265 246 13.7468805007
266 247 14.9621627082
267 248 16.7716173778
268 249 17.6968853985
269 250 19.5956431165
270 251 19.3842038848
271 252 18.2685321512
272 253 16.9308562894
273 254 15.3883385639
274 255 13.7701908038
275 256 12.2402388691
276 257 10.8438912105
277 258 9.31279393662
278 259 8.04648574769
279 260 6.85810831682
280 261 5.84430372158
281 262 5.36913491224
282 263 5.46454717605
283 264 6.63894787179
284 265 7.16021795418
285 266 6.55326975668
286 267 6.81151660293
287 268 5.99848513558
288 269 6.03240055007
289 270 6.62253135608
290 271 7.59970344447
291 272 9.1081863862
292 273 10.3456181008
293 274 11.9088145705
294 275 13.3636945512
295 276 13.9914528741
296 277 15.610425779
297 278 16.2421417522
298 279 15.9847816155
299 280 15.1545152946
300 281 16.5939541986
301 282 15.9750303612
302 283 14.9514255444
303 284 13.31609661
304 285 13.0550728947
305 286 14.2490846049
306 287 13.033235443
307 288 11.5231536859
308 289 11.756562244
309 290 11.8762181708
310 291 10.1575488516
311 292 9.11921568671
312 293 10.2746411564
313 294 9.68147839456
314 295 8.13905381582
315 296 8.69863304023
316 297 8.24933782429
317 298 6.93078846936
318 299 8.04396118642
319 300 8.22238575227
320 301 9.83395802548
321 302 10.5517340419
322 303 11.4469455608
323 304 13.0951080366
324 305 12.7626495242
325 306 11.912548663
326 307 13.6491106683
327 308 13.2773724002
328 309 11.5708695639
329 310 12.2220082381
330 311 10.474830813
331 312 10.0595844208
332 313 11.998374768
333 314 12.054279636
334 315 10.9906640039
335 316 11.2017882909
336 317 12.3938704517
337 318 11.2086173197
338 319 11.8641393753
339 320 12.6047128634
340 321 12.4798889924
341 322 14.2117547636
342 323 15.217615484
343 324 17.0117267776
344 325 16.8041199271
345 326 18.3919570224
346 327 18.2991877245
347 328 19.7373476534
348 329 21.1147278343
349 330 20.2320929021
350 331 19.6576485231
351 332 18.428562566
352 333 16.8013983855
353 334 16.4477595829
354 335 14.5596120667
355 336 13.7064954432
356 337 11.9542911879
357 338 11.3232277345
358 339 9.80761147666
359 340 9.99183962765
360 341 9.71748267089
361 342 10.7243982397
362 343 10.5821194835
363 344 8.69860319325
364 345 8.04023626598
365 346 7.77854296763
366 347 8.73088394576
367 348 9.25476072836
368 349 10.8247787353
369 350 11.9461719508
370 351 13.7052261631
371 352 14.7765483324
372 353 16.6625234374
373 354 17.6983592329
374 355 19.5697732498
375 356 21.0032243223
376 357 20.145112603
377 358 21.1328349942
378 359 20.9663117174
379 360 20.9926931624
380 361 19.8844421756
381 362 18.2053572182
382 363 17.4827414836
383 364 18.4966884413
384 365 18.7836556871
385 366 17.1035658
386 367 17.1362170868
387 368 15.5244366203
388 369 14.5262760549
389 370 13.3450669361
390 371 12.0823587915
391 372 11.4569929126
392 373 11.5349570739
393 374 11.0780553363
394 375 12.2728466663
395 376 12.6497741248
396 377 12.909629335
397 378 14.2637269593
398 379 14.2087831053
399 380 15.8133140727
400 381 16.2179497794
401 382 17.3466139973
402 383 18.3967617979
403 384 19.341148524
404 385 17.6508443633
405 386 16.7004222576
406 387 15.1600063354
407 388 14.8213517252
408 389 15.5737863293
409 390 14.6198152393
410 391 15.6391766296
411 392 15.2063386093
412 393 15.9177754139
413 394 14.7017629072
414 395 14.9149078802
415 396 14.5773091397
416 397 14.7543285832
417 398 16.1535646567
418 399 16.5256238229
419 400 17.7892075853
420 401 16.8529925476
421 402 17.3651674793
422 403 16.6492541284
423 404 17.1492159135
424 405 17.3391486276
425 406 16.7230012328
426 407 17.3305648524
427 408 16.0400112831
428 409 16.5207854256
429 410 14.9642225876
430 411 14.8513385945
431 412 13.4356345317
432 413 14.1971190022
433 414 13.6788464752
434 415 13.8241030147
435 416 14.7106777579
436 417 16.5464546111
437 418 16.074241349
438 419 16.056363191
439 420 14.5402552799
440 421 14.3601757836
441 422 15.3332731929
442 423 14.8925232313
443 424 16.0733571114
444 425 15.7907610697
445 426 14.1046962571
446 427 12.8575685783
447 428 11.0735849842
448 429 10.5899455238
449 430 9.81846604064
450 431 9.10238200195
451 432 9.02279246332
452 433 9.34402662104
453 434 10.5366505968
454 435 11.4738053458
455 436 12.5866317858
456 437 12.460602197
457 438 14.2119578159
458 439 14.260122577
459 440 13.8799044949
460 441 15.3519178663
461 442 14.5296348267
462 443 14.1750248983
463 444 12.4687486973
464 445 11.351871116
465 446 9.95455269988
466 447 8.85171226202
467 448 7.57507612495
468 449 7.44156880756
469 450 7.26135045279
470 451 8.25374212752
471 452 9.03974777568
472 453 10.5701815745
473 454 12.0612933773
474 455 13.9932949741
475 456 14.7935028799
