1 0 5.35566968459
2 1 0.169895131735
3 2 0.177963962388
4 3 0.176107125652
5 4 0.167511992656
6 5 0.161120337426
7 6 0.15478573624
8 7 0.148454300265
9 8 0.143752186638
10 9 0.136668972414
11 10 0.132260949151
12 11 0.124590621039
13 12 0.122909885429
14 13 0.122834697028
15 14 0.126636472247
16 15 0.12919110223
17 16 0.125320920933
18 17 3.39579433088
19 17 3.39579433088
20 17 3.39579433088
21 17 3.39579433088
22 17 3.39579433088
23 18 5.29224003335
24 18 5.29224003335
25 18 5.29224003335
26 18 5.29224003335
27 18 5.29224003335
28 19 4.91052051484
29 19 4.91052051484
30 19 4.91052051484
31 19 4.91052051484
32 19 4.91052051484
33 20 6.74697060146
34 20 6.74697060146
35 20 6.74697060146
36 20 6.74697060146
37 20 6.74697060146
38 21 5.46982450393
39 21 5.46982450393
40 21 5.46982450393
41 21 5.46982450393
42 21 5.46982450393
43 22 5.24863282116
44 22 5.24863282116
45 22 5.24863282116
46 22 5.24863282116
47 22 5.24863282116
48 23 4.34444198924
49 23 4.34444198924
50 24 0.156873256318
51 25 0.149658912936
52 26 0.148677748709
53 27 0.143862011435
54 28 0.13946877639
55 29 0.138398383738
56 30 0.13489680463
57 31 0.137828495244
58 32 0.13629652691
59 33 0.135386317736
60 34 0.140114294177
61 35 0.146629263605
62 36 0.151122995125
63 37 0.152840322692
64 38 0.161910036672
65 39 0.16821697418
66 40 0.176168017304
67 41 0.174263699761
68 42 0.179952643182
69 43 0.173617977728
70 44 0.175642443957
71 45 0.170757926173
72 46 0.160473244319
73 47 0.16012208957
74 48 0.161067265151
75 49 0.160424086487
76 50 0.15716160307
77 51 0.160366818334
78 52 0.158577339153
79 53 0.152073224067
80 54 0.155089831719
81 55 0.148763072567
82 56 0.148117022642
83 57 0.149545456461
84 58 0.14716008843
85 59 0.141470744313
86 60 0.146407392466
87 61 0.149599246809
88 62 0.153857646305
89 63 0.163042663026
90 64 0.168876715293
91 65 0.178668567675
92 66 0.184178961994
93 67 0.182192299373
94 68 0.179800093353
95 69 0.16954342849
96 70 0.166515884512
97 71 0.15818720723
98 72 0.159675371812
99 73 0.154063565371
100 74 0.149182276449
101 75 0.152037733188
102 76 0.159172333465
103 77 0.166225399064
104 78 0.174774200572
105 79 0.180117641662
106 80 0.188913581483
107 81 0.194761084448
108 82 0.203703918919
109 83 0.208150101431
110 84 0.20119051145
111 85 0.202135547637
112 86 0.195361760884
113 87 0.192927937103
114 88 0.190277782468
115 89 0.189211506971
116 90 0.19268497367
117 91 0.186145018981
118 92 0.190932910772
119 93 0.199223367952
120 94 0.201400978401
121 95 0.208109043301
122 96 0.212481227749
123 97 0.206152870637
124 98 0.200381746523
125 99 0.192156347652
126 100 0.190404539027
127 101 0.182779587533
128 102 0.183557468365
129 103 0.175115572816
130 104 0.175023495749
131 105 0.170734301623
132 106 0.176317420348
133 107 0.182152182753
134 108 0.190244829183
135 109 0.196762285797
136 110 0.204357306057
137 111 0.210643529481
138 112 0.217113442443
139 113 0.223021861667
140 114 0.219022411988
141 115 0.220481058662
142 116 0.227572110834
143 117 0.230448424934
144 118 0.234050354627
145 119 0.242547518081
146 120 0.241449587152
147 121 0.248230053722
148 122 0.253873499039
149 123 0.248738321215
150 124 0.251304630624
151 125 0.244941104454
152 126 0.242305803576
153 127 0.237555415407
154 128 0.235211774773
155 129 0.229433350699
156 130 0.222811462225
157 131 0.223253421219
158 132 0.223518440212
159 133 0.216720782517
160 134 0.213024253185
161 135 0.2201553749
162 136 0.217704099286
163 137 0.208872110173
164 138 0.203695044662
165 139 0.195013532256
166 140 0.191785338262
167 141 0.198051227476
168 142 0.196355438641
169 143 0.201792446126
170 144 0.204340076179
171 145 0.205988621746
172 146 0.208234306166
173 147 0.204238969266
174 148 0.211222362999
175 149 0.207566594755
176 150 0.199780226887
177 151 0.195623923505
178 152 0.192187516879
179 153 0.183589563868
180 154 0.186523699772
181 155 0.187611880586
182 156 0.194537446057
183 157 0.201700027335
184 158 0.204889429532
185 159 0.212949995765
186 160 0.216403794905
187 161 0.224984520874
188 162 0.226833252251
189 163 0.227330630996
190 164 0.220560114372
191 165 0.215280874949
192 166 0.213568805035
193 167 0.209404301988
194 168 0.20484264343
195 169 0.206102279904
196 170 0.206764312556
197 171 0.198447624276
198 172 0.190424414946
199 173 0.184732151864
200 174 0.177224964335
201 175 0.172748471252
202 176 0.167577811537
203 177 0.164009480019
204 178 0.17127820008
205 179 0.166420162911
206 180 0.167503440779
207 181 0.176757003137
208 182 0.181417926153
209 183 0.191102306545
210 184 0.196654527826
211 185 0.20624540704
212 186 0.206246725834
213 187 0.199477576429
214 188 0.203435451303
215 189 0.201211119269
216 190 0.203750672198
217 191 0.198061884301
218 192 0.199276276138
219 193 0.201119170497
220 194 0.206812925179
221 195 0.201510990445
222 196 0.201209670525
223 197 0.194704873538
224 198 0.195889033861
225 199 0.18953157673
226 200 0.190217548244
227 201 0.187320445921
228 202 0.182127874823
229 203 0.176826157864
230 204 0.181238955002
231 205 0.184367874234
232 206 0.190867294008
233 207 0.192391815089
234 208 0.200226756554
235 209 0.206339605009
236 210 0.210788992799
237 211 0.218323925632
238 212 0.226243282736
239 213 0.225184424224
240 214 0.217597924078
241 215 0.222217043455
242 216 0.229872283119
243 217 0.224717053203
244 218 0.223379451906
245 219 0.231183349876
246 220 5.74796289059
247 220 5.74796289059
248 220 5.74796289059
249 220 5.74796289059
250 220 5.74796289059
251 221 4.30113203047
252 221 4.30113203047
253 221 4.30113203047
254 221 4.30113203047
255 221 4.30113203047
256 222 5.01294721209
257 222 5.01294721209
258 222 5.01294721209
259 222 5.01294721209
260 222 5.01294721209
261 223 5.75199439941
262 223 5.75199439941
263 223 5.75199439941
264 223 5.75199439941
265 223 5.75199439941
266 224 4.9733645303
267 224 4.9733645303
268 224 4.9733645303
269 224 4.9733645303
270 224 4.9733645303
271 225 4.73743425456
272 225 4.73743425456
273 225 4.73743425456
274 225 4.73743425456
275 226 0.246360796988
276 227 0.238314362208
277 228 0.23709244171
278 229 0.237016509181
279 230 0.230342857395
280 231 0.224513426875
281 232 0.219306241834
282 233 0.220324437094
283 234 0.213506680337
284 235 0.218048747761
285 236 0.214816507316
286 237 0.218983536204
287 238 0.222922630601
288 239 0.22198495457
289 240 0.213802068102
290 241 0.212398572213
291 242 0.206374298173
292 243 0.2041095759
293 244 0.202606189793
294 245 0.198582504929
295 246 0.194184199623
296 247 0.19299615246
297 248 0.190533870155
298 249 0.184963687936
299 250 0.18268200201
300 251 0.182618804738
301 252 0.178506313123
302 253 0.172957268718
303 254 0.172310932316
304 255 0.172091443702
305 256 0.166060856003
306 257 0.163286831715
307 258 0.163933756109
308 259 0.161007848289
309 260 0.155087796677
310 261 0.153873500011
311 262 0.154704560326
312 263 0.160946208079
313 264 0.167330652179
314 265 0.173692164952
315 266 0.18081926286
316 267 0.187301523685
317 268 0.184352875726
318 269 0.176865714051
319 270 0.179917506198
320 271 0.185268360616
321 272 0.180454465667
322 273 0.175883105278
323 274 0.18171022119
324 275 0.184561840708
325 276 0.178688347313
326 277 0.177664933132
327 278 0.184353672005
328 279 0.182194507955
329 280 0.180862704992
330 281 0.18739885025
331 282 0.185327296342
332 283 0.181832544185
333 284 0.177272017265
334 285 0.173707254663
335 286 0.170241769761
336 287 0.165817071778
337 288 0.161777725819
338 289 0.155564838027
339 290 0.157670106469
340 291 0.163511972786
341 292 0.160900530843
342 293 0.156308320434
343 294 0.161192518569
344 295 0.165648125427
345 296 0.162012000315
346 297 0.15997030224
347 298 0.166225800821
348 299 0.168039909801
349 300 0.16376444854
350 301 0.165599512295
351 302 0.171567956228
352 303 0.171307159759
353 304 0.168355266439
354 305 0.173470430188
355 306 0.177589996501
356 307 0.175613961879
357 308 0.17492870834
358 309 6.29243485441
359 309 6.29243485441
