1 0 6.93245864811
2 0 6.93245864811
3 0 6.93245864811
4 0 6.93245864811
5 0 6.93245864811
6 1 4.89290300229
7 2 0.324322506038
8 3 0.316183531363
9 4 0.316460234719
10 5 0.308706959541
11 6 0.306636618318
12 7 0.296369999705
13 8 0.294615873708
14 9 0.285551295834
15 10 0.278615817495
16 11 0.27845682168
17 12 0.270778965617
18 13 0.270790391456
19 14 0.266784604101
20 15 0.257336318783
21 16 0.255118357406
22 17 0.257149985591
23 18 0.249880971638
24 19 0.241596005168
25 20 0.244530199991
26 21 0.246024776692
27 22 0.243705412641
28 23 0.247266044758
29 24 0.257654891649
30 25 0.258735348866
31 26 0.257199895132
32 27 0.265067899628
33 28 0.273053820946
34 29 0.272696017967
35 30 0.272691380299
36 31 0.282799262796
37 32 0.288146280514
38 33 0.283861940543
39 34 0.276137305021
40 35 0.264748760298
41 36 0.259327469147
42 37 0.257686198983
43 38 0.269598856198
44 39 0.268854088319
45 40 0.273747673878
46 41 0.267985461508
47 42 0.26571015879
48 43 0.265949413391
49 44 0.25625538139
50 45 0.253066687769
51 46 0.256364549594
52 47 0.248148797653
53 48 0.248023128025
54 49 0.239716567766
55 50 0.237450845118
56 51 0.23005553805
57 52 0.22394859444
58 53 0.22815317092
59 54 0.21712187493
60 55 0.212920944615
61 56 0.211990224233
62 57 0.21882202101
63 58 0.227722136115
64 59 0.23513685025
65 60 0.234641244414
66 61 0.24081263177
67 62 0.233736208332
68 63 0.22226213397
69 64 0.215218255504
70 65 0.206307336823
71 66 0.199470448502
72 67 0.199432685291
73 68 0.191608655663
74 69 0.19803990073
75 70 0.200266579625
76 71 0.207908580535
77 72 0.212459473813
78 73 0.220088570603
79 74 0.225383969251
80 75 0.229921964314
81 76 0.23658030956
82 77 0.24087158197
83 78 0.247459767871
84 79 0.241119015316
85 80 0.230220629401
86 81 0.225813229851
87 82 0.217268540242
88 83 0.212645853113
89 84 0.205809332799
90 85 0.200497277832
91 86 0.193883064734
92 87 0.185396901731
93 88 0.177817786462
94 89 0.166901077184
95 90 0.161217679419
96 91 0.150522294702
97 92 0.144198829369
98 93 0.142958725435
99 94 0.133144479269
100 95 3.67881803937
101 95 3.67881803937
102 95 3.67881803937
103 95 3.67881803937
104 95 3.67881803937
105 96 5.10242227233
106 96 5.10242227233
107 96 5.10242227233
108 96 5.10242227233
109 96 5.10242227233
110 97 6.36305504624
111 97 6.36305504624
112 97 6.36305504624
113 97 6.36305504624
114 97 6.36305504624
115 98 5.33511783954
116 98 5.33511783954
117 98 5.33511783954
118 98 5.33511783954
119 98 5.33511783954
120 99 5.27093769729
121 100 0.180994205715
122 101 0.186219105953
123 102 0.176204837015
124 103 0.173241707456
125 104 0.162700985415
126 105 0.168923952492
127 106 0.174766921202
128 107 0.172301816767
129 108 0.17696518034
130 109 0.178864195549
131 110 0.172263899311
132 111 0.180058828452
133 112 0.178532287416
134 113 0.187778384078
135 114 0.189998693914
136 115 0.19804397827
137 116 0.200541864018
138 117 0.203179898742
139 118 0.200427114054
140 119 0.190046556673
141 120 0.180032493496
142 121 0.170791828633
143 122 0.165879828409
144 123 0.171054327618
145 124 0.178427387989
146 125 0.17883769633
147 126 0.188697707577
148 127 0.18422545827
149 128 0.174690351299
150 129 0.180954608876
151 130 0.189245162253
152 131 0.181167789385
153 132 0.176452399011
154 133 0.186950826595
155 134 0.190142762144
156 135 0.179923494421
157 136 0.180247207902
158 137 0.191894981721
159 138 0.190683330262
160 139 0.181804414425
161 140 0.187931801717
162 141 0.19842472047
163 142 0.192481901843
164 143 0.197711087104
165 144 0.188875904696
166 145 0.183205264205
167 146 0.172700129378
168 147 0.177791533442
169 148 0.186351159476
170 149 0.178101181963
171 150 0.17269610567
172 151 0.173524331137
173 152 0.178943310847
174 153 0.174110943387
175 154 0.180504295114
176 155 0.178035784743
177 156 0.182969542977
178 157 0.184905256204
179 158 0.191178388317
180 159 0.201684995404
181 160 0.210056711463
182 161 0.216550232703
183 162 0.206572551717
184 163 0.2065967698
185 164 0.198549513387
186 165 0.200504874685
187 166 0.194601978758
188 167 0.19412611991
189 168 0.192438807097
190 169 0.189202707853
191 170 0.195289065273
192 171 0.193593852024
193 172 0.182560494836
194 173 5.89772203578
195 173 5.89772203578
196 173 5.89772203578
197 173 5.89772203578
198 173 5.89772203578
199 174 6.39078363889
200 174 6.39078363889
201 174 6.39078363889
202 174 6.39078363889
203 174 6.39078363889
204 175 4.45685170813
205 175 4.45685170813
206 176 0.144691136537
207 177 0.144980379337
208 178 0.152240163286
209 179 0.156887579085
210 180 0.163044934814
211 181 0.17086708268
212 182 0.168484257672
213 183 0.177775124849
214 184 0.177231090835
215 185 0.185923872256
216 186 0.188624257431
217 187 0.197078449539
218 188 0.201253106282
219 189 0.208397586034
220 190 0.215646866076
221 191 0.223049196701
222 192 0.219470154596
223 193 0.227900583047
224 194 0.223960300104
225 195 0.218077126814
226 196 0.214549395191
227 197 0.208331194255
228 198 0.218024841493
229 199 0.220333205667
230 200 0.209182299586
231 201 0.209492491591
232 202 0.220412317566
233 203 0.217478508039
234 204 0.207330885995
235 205 0.213645406523
236 206 0.221786031397
237 207 0.212950246203
238 208 0.206976693657
239 209 0.217229426132
240 210 0.21772058661
241 211 0.206259461886
242 212 0.205636408285
243 213 0.194912540501
244 214 0.193559517394
245 215 0.191306643996
246 216 0.179892899783
247 217 0.17610405217
248 218 0.167158581467
249 219 0.168199533448
250 220 0.168486061431
251 221 0.159471181757
252 222 0.154976465293
253 223 0.14863683362
254 224 0.139347916535
255 225 0.13078892202
256 226 0.118902361033
257 227 0.111989049052
258 228 0.101124310204
259 229 0.0924029329002
260 230 0.08185933677
261 231 0.0722634309964
262 232 0.0627074667072
263 233 0.0622550492974
264 234 0.0682637153399
265 235 0.0796228666184
266 236 0.0877699080424
267 237 0.0996855616875
268 238 0.106515693153
269 239 0.116117638694
270 240 0.126698661374
271 241 0.133301364295
272 242 0.14518296913
273 243 0.152674212745
274 244 0.161323220937
275 245 0.17213224323
276 246 0.181880358176
277 247 0.193162910964
278 248 0.200174855454
279 249 0.210052343047
280 250 0.208625110841
281 251 0.205624591099
282 252 0.205943290512
283 253 0.209990427283
284 254 0.202594028833
285 255 0.203170448026
286 256 0.206155070422
287 257 0.209019934825
288 258 0.220129176718
289 259 0.222052095483
290 260 0.213652004387
291 261 0.216961703429
292 262 0.220608456955
293 263 0.226076905924
294 264 0.224285670022
295 265 0.231852182502
296 266 0.231038818951
297 267 0.238772127889
298 268 0.240622756938
299 269 0.247085324115
300 270 0.252528592508
301 271 0.260406162619
302 272 0.269947011145
303 273 0.270733046367
304 274 0.282200268111
305 275 0.280536770301
306 276 0.277273784521
307 277 0.28687144692
308 278 0.293366785635
309 279 0.304869287793
310 280 6.36228788224
311 280 6.36228788224
312 280 6.36228788224
313 280 6.36228788224
314 280 6.36228788224
315 281 5.52906768708
316 281 5.52906768708
317 281 5.52906768708
318 281 5.52906768708
319 281 5.52906768708
320 282 6.17587597257
321 282 6.17587597257
322 282 6.17587597257
323 282 6.17587597257
324 282 6.17587597257
325 283 4.2686011982
326 283 4.2686011982
327 284 0.27511481691
328 285 0.265505239975
329 286 0.264856192597
330 287 0.257699145934
331 288 0.254073380154
332 289 0.250148427648
333 290 0.242031510733
334 291 0.238043184697
335 292 0.238176541332
336 293 0.238507341299
337 294 0.231732232871
338 295 0.240215839579
339 296 0.239271654643
340 297 0.227507955638
341 298 0.226493438946
342 299 0.235090475676
343 300 0.235535750431
344 301 0.22762413782
345 302 0.231560093753
346 303 0.228541400446
347 304 0.227596238185
348 305 0.221393378738
349 306 0.22313321283
350 307 0.219156584511
351 308 0.227881233829
352 309 0.228156487111
353 310 0.239312668935
354 311 0.237391081391
355 312 0.239582933856
356 313 0.228469548616
357 314 0.221735069498
358 315 0.210510499425
359 316 0.209378299453
360 317 0.215465803514
361 318 0.212524648905
362 319 0.218973330659
363 320 0.21716027245
364 321 0.225397409176
365 322 0.223761197384
366 323 0.235019134795
367 324 0.244547183988
368 325 0.243755137129
369 326 0.240830190771
370 327 0.249447507626
371 328 0.249500512845
372 329 0.25885819108
373 330 0.252269405464
374 331 0.243488932219
375 332 0.251199348924
376 333 0.257035196791
377 334 0.246604587645
378 335 0.243164741247
379 336 0.254123026376
380 337 0.253811407562
381 338 0.242584453133
382 339 0.24671910609
383 340 0.256527625779
384 341 0.249663233174
385 342 0.241965633637
386 343 0.251214971111
387 344 0.255351998476
388 345 0.244935661234
389 346 0.242143722517
390 347 0.252923454279
391 348 0.256411971511
392 349 0.250654257544
393 350 0.250718179747
394 351 0.238927577899
