1 0 0.223289454559
2 1 0.226873604149
3 2 0.233285952827
4 3 0.224900308282
5 4 0.227918920431
6 5 0.222433236306
7 6 0.224025002809
8 7 0.232925938954
9 8 0.23854523305
10 9 0.2503151167
11 10 0.253026746329
12 11 0.259689967761
13 12 0.266433716079
14 13 0.276430796459
15 14 0.278740519917
16 15 0.289030509154
17 16 0.282769705487
18 17 0.278068251107
19 18 0.266399803319
20 19 0.258355925464
21 20 0.248812123599
22 21 0.238411327479
23 22 0.227507918769
24 23 0.225909627817
25 24 0.236766640135
26 25 0.239107531694
27 26 0.249140209975
28 27 0.248526484744
29 28 0.252598737878
30 29 0.256432161461
31 30 0.261249912729
32 31 0.263626733589
33 32 0.259777185304
34 33 0.253983075019
35 34 0.244189826778
36 35 0.234400554275
37 36 0.224392488212
38 37 0.217056565469
39 38 0.213258425528
40 39 0.215571011748
41 40 0.224580462292
42 41 0.235209600507
43 42 0.240504769636
44 43 0.252070653524
45 44 0.257392855687
46 45 0.267970321647
47 46 0.278396010017
48 47 0.284180770504
49 48 0.274699896712
50 49 0.281285647233
51 50 0.284785983974
52 51 0.273991133439
53 52 0.266479673346
54 53 0.254914836398
55 54 0.248649038603
56 55 0.237003641871
57 56 0.22755673231
58 57 0.218593937497
59 58 0.209159216
60 59 0.197656960102
61 60 0.193072455014
62 61 0.184980785218
63 62 0.187495064676
64 63 0.194597978543
65 64 0.203487063803
66 65 0.208111115118
67 66 0.218451851288
68 67 0.224973134639
69 68 0.225349064376
70 69 0.215411224433
71 70 0.208981972043
72 71 0.199176962894
73 72 0.1902348615
74 73 0.186812770099
75 74 0.180035187346
76 75 0.182347627202
77 76 0.176694645022
78 77 0.181947761501
79 78 0.189592409153
80 79 0.195337043674
81 80 0.203286337078
82 81 0.209131210753
83 82 0.203831395062
84 83 0.195479346778
85 84 0.189614504522
86 85 0.187247745918
87 86 0.181877607086
88 87 0.185735807588
89 88 0.178458350525
90 89 0.169643324666
91 90 0.171129665353
92 91 0.18166751133
93 92 0.188136768912
94 93 0.188479608954
95 94 0.196703170772
96 95 0.201370546042
97 96 0.203911275298
98 97 0.210652279168
99 98 0.211125977454
100 99 0.220143402572
101 100 0.218009938833
102 101 0.21689814378
103 102 0.223021291143
104 103 0.2272269422
105 104 0.224327841545
106 105 0.227313080825
107 106 0.225871080162
108 107 0.224880401067
109 108 0.218608438684
110 109 0.210695574906
111 110 0.206095703872
112 111 0.199531352552
113 112 0.193047366795
114 113 0.185298498211
115 114 0.178666683959
116 115 0.173220649519
117 116 0.179967053241
118 117 0.182320602554
119 118 0.191662525661
120 119 0.19781823574
121 120 0.205131282129
122 121 0.213129627053
123 122 0.214369604108
124 123 0.222989651943
125 124 0.223807697124
126 125 0.219754161327
127 126 0.223927958178
128 127 0.220521211282
129 128 0.218345574981
130 129 0.214713220519
131 130 0.207015816064
132 131 0.209575758071
133 132 0.211220131022
134 133 0.209473612168
135 134 0.213587841819
136 135 0.211413322399
137 136 0.220736800161
138 137 0.230051045211
139 138 0.234781221904
140 139 0.243897547583
141 140 0.242422489733
142 141 0.234790606748
143 142 0.229938961743
144 143 0.220907504494
145 144 0.221957681862
146 145 0.21328616642
147 146 0.208734057231
148 147 0.202188953424
149 148 0.19348919686
150 149 0.187692319301
151 150 0.183376252669
152 151 0.174462064164
153 152 0.172438770796
154 153 0.167132473307
155 154 0.170106455202
156 155 0.16901012702
157 156 0.169523620206
158 157 0.176821002102
159 158 0.183102476437
160 159 0.193737091248
161 160 0.198604023407
162 161 0.19264270084
163 162 0.195051144183
164 163 0.206065333489
165 164 0.207200562439
166 165 0.202108602248
167 166 0.20914632775
168 167 0.219284710321
169 168 0.219086511415
170 169 0.221216851191
171 170 0.219788520496
172 171 0.208217259995
173 172 0.203503341725
174 173 0.193635110453
175 174 0.197617701214
176 175 0.202499506752
177 176 0.193542564295
178 177 0.187477908327
179 178 0.195609421709
180 179 0.195492327493
181 180 0.185145958887
182 181 0.185269320911
183 182 0.190735842618
184 183 0.188224758268
185 184 0.192424254413
186 185 0.191441874365
187 186 0.193896454002
188 187 0.195899970629
189 188 0.195954338461
190 189 0.201011657225
191 190 0.193019127979
192 191 0.186384415405
193 192 0.182194009227
194 193 0.182320352555
195 194 0.180745747315
196 195 0.178523994729
197 196 0.178287540799
198 197 0.178427393428
199 198 0.178449048813
200 199 0.169141511794
201 200 0.161575191442
202 201 0.158466820223
203 202 0.167492104761
204 203 0.167390981995
205 204 0.158135482641
206 205 0.16168256669
207 206 0.169905246298
208 207 0.163857701568
209 208 0.158161239587
210 209 0.167436309244
211 210 0.172693637343
212 211 0.164163257295
213 212 0.163608553623
214 213 0.174993896199
215 214 0.175760888548
216 215 0.16822774352
217 216 0.173434299996
218 217 0.184525459459
219 218 0.18858842797
220 219 0.196509167989
221 220 0.197621965287
222 221 0.185973275189
223 222 0.185077384236
224 223 0.187409957146
225 224 0.178916476211
226 225 0.170961444484
227 226 0.17410275076
228 227 0.173697883516
229 228 0.162732331969
230 229 0.159893899804
231 230 0.164634622199
232 231 0.160777110779
233 232 0.150305470032
234 233 0.15144932028
235 234 0.154449419643
236 235 0.145150579708
237 236 7.7563733164
238 236 7.7563733164
239 236 7.7563733164
240 236 7.7563733164
