1 0 11.2516252182
2 0 11.2516252182
3 0 11.2516252182
4 0 11.2516252182
5 0 11.2516252182
6 1 7.60083146006
7 1 7.60083146006
8 1 7.60083146006
9 2 0.120170727947
10 3 0.116540738318
11 4 0.114245659043
12 5 0.115603658916
13 6 0.111136413512
14 7 0.112457113968
15 8 0.110570224535
16 9 0.116563842896
17 10 0.109244134177
18 11 0.10955854392
19 12 0.105518026113
20 13 0.107747284629
21 14 0.106529593407
22 15 0.104002228626
23 16 0.10737682157
24 17 0.107853490633
25 18 0.110326952746
26 19 0.104071222124
27 20 0.109198699117
28 21 0.103821805078
29 22 0.108375681961
30 23 0.118584166465
31 24 0.115712993201
32 25 0.11654674377
33 26 0.109780175548
34 27 0.110235075005
35 28 0.101736172581
36 29 0.10146946197
37 30 0.0957109035726
38 31 0.0974307946649
39 32 0.0986015290697
40 33 0.099536827885
41 34 0.105580461894
42 35 0.105954670548
43 36 0.112109630239
44 37 0.10701397111
45 38 0.10289315064
46 39 0.102123977779
47 40 0.106658041008
48 41 0.0997104106416
49 42 0.107548921646
50 43 0.109012219542
51 44 0.119581682738
52 45 0.117610764065
53 46 0.119587416786
54 47 0.118566711605
55 48 0.110073553308
56 49 0.104776456056
57 50 0.109619912293
58 51 0.108313454017
59 52 0.0999278810047
60 53 0.0946401432655
61 54 0.0864580378875
62 55 0.082347443842
63 56 0.0774244951065
64 57 0.0729495248637
65 58 0.0782950064086
66 59 0.078005662491
67 60 0.0847184117234
68 61 0.0843094577678
69 62 0.0861361659085
70 63 0.0949498814475
71 64 0.0939426898549
72 65 0.103472598522
73 66 0.110164621069
74 67 0.119624132188
75 68 0.126276996216
76 69 0.123753483576
77 70 0.129997030254
78 71 0.142449600381
79 72 0.150587846975
80 73 0.163501829467
81 74 0.168159617264
82 75 0.167857251139
83 76 0.155217860466
84 77 0.152833270522
85 78 0.140755727447
86 79 0.134265061532
87 80 0.123612571781
88 81 0.121403421559
89 82 0.118183062127
90 83 0.114158928171
91 84 0.116424229915
92 85 0.109015393747
93 86 0.11472089923
94 87 0.115207099065
95 88 0.102831204784
96 89 0.100718765226
97 90 0.108428375771
98 91 0.107312821131
99 92 0.0951813574617
100 93 0.0957182974983
101 94 0.106449395552
102 95 0.100038958889
103 96 0.0910834827737
104 97 0.100952213838
105 98 0.100690277942
106 99 0.114107061633
107 100 0.116286521463
108 101 0.111967958206
109 102 0.107680175567
110 103 0.108600532741
111 104 0.10666680676
112 105 0.105978821443
113 106 0.100339188813
114 107 0.10288516419
115 108 0.0956951672429
116 109 0.101180659923
117 110 0.10101697631
118 111 0.0903041518403
119 112 0.0900219092147
120 113 0.096906709853
121 114 0.0914436122044
122 115 0.0824861849221
123 116 0.0882814703285
124 117 0.0938083433658
125 118 0.0851963152901
126 119 0.0747341283229
127 120 0.0707780525093
128 121 0.0795452626823
129 122 0.0774220726258
130 123 0.0676663322177
131 124 0.0719108641642
132 125 0.080067328147
133 126 0.0734142098583
134 127 0.0678981496972
135 128 0.0777991495853
136 129 0.0793572608717
137 130 0.0700624909262
138 131 0.0694447860565
139 132 0.0796590136111
140 133 0.0831985844957
141 134 0.0941384807745
142 135 0.0972725874881
143 136 0.0939701658302
144 137 0.0934565248382
145 138 0.0916630378582
146 139 0.0914980588149
147 140 0.0913157845137
148 141 0.0988808405223
149 142 0.0969372982785
150 143 0.105720839398
151 144 0.103564992237
152 145 0.100637062683
153 146 0.107773982901
154 147 0.114548519295
155 148 0.120612045181
156 149 0.118619797795
157 150 0.115119030033
158 151 0.121755930707
159 152 0.122421224288
160 153 0.127658655155
161 154 0.137736594742
162 155 0.143804691292
163 156 0.147487310508
164 157 0.141039227694
165 158 0.135395036323
166 159 0.124426077491
167 160 0.126162510485
168 161 0.134053510439
169 162 0.127446278417
170 163 0.119420766951
171 164 0.127318810045
172 165 0.131498008561
173 166 0.121435780731
174 167 0.120631120756
175 168 0.131706975247
176 169 0.129234249302
177 170 0.121325119457
178 171 0.128940586353
179 172 0.136488540658
180 173 0.129109163121
181 174 0.125694278868
182 175 0.136819414583
183 176 0.139610679839
184 177 0.130372606823
185 178 0.132062168312
186 179 0.143564552292
187 180 0.143346539101
188 181 0.137853822612
189 182 0.145871864463
190 183 0.137636723543
191 184 0.141754667154
192 185 0.135018534643
193 186 0.136977511643
194 187 0.133299755675
195 188 0.130341267968
196 189 0.131811153143
197 190 0.136430591396
198 191 0.1388662677
199 192 0.151152631412
200 193 0.149301415602
201 194 0.144893328043
202 195 0.153602059738
203 196 0.16265562649
204 197 0.158097643335
205 198 0.15871503964
206 199 0.170031845193
207 200 0.175069054359
208 201 0.169835668661
209 202 0.168929341357
210 203 0.16069520121
211 204 0.156786447647
212 205 0.159758775213
213 206 0.1510841461
214 207 0.15212159874
215 208 0.148719357394
216 209 0.147832593483
217 210 0.143229546564
218 211 0.134261075047
219 212 0.142752196875
220 213 0.152080280955
221 214 0.143930309306
222 215 0.140689473372
223 216 0.153757816374
224 217 0.154281445163
225 218 0.144913048113
226 219 0.147398220191
227 220 0.140370229988
228 221 0.144792172409
229 222 0.14582042576
230 223 0.134234999765
231 224 0.128619355658
232 225 0.136123062515
233 226 0.129305288928
234 227 0.118852969112
235 228 0.125018727249
236 229 0.12075890064
237 230 0.130032536848
238 231 4.28063352261
239 231 4.28063352261
240 231 4.28063352261
241 231 4.28063352261
242 231 4.28063352261
243 232 3.52632340573
244 232 3.52632340573
245 232 3.52632340573
246 232 3.52632340573
247 232 3.52632340573
248 233 4.65531410735
249 234 0.16721040761
250 235 0.156266684645
251 236 0.157069511196
252 237 0.163720325844
253 238 0.159734026934
254 239 0.153587438432
255 240 0.143128553308
256 241 0.1446169501
257 242 0.139759637111
258 243 0.129074580612
259 244 0.130468586345
260 245 0.127859260374
261 246 0.117166736322
262 247 0.123427842375
263 248 0.12936442408
264 249 0.119883253984
265 250 0.114482622535
266 251 0.124462377385
267 252 0.125385383757
268 253 0.114502487831
269 254 0.117475565644
270 255 0.128424160432
271 256 0.124580223191
272 257 0.130516346592
273 258 0.121412211608
274 259 0.110542434451
275 260 0.099844895719
276 261 0.0914535069964
277 262 0.0855377979553
278 263 0.0930880369805
279 264 0.0907973346103
280 265 0.0973841135513
281 266 0.0961174393525
282 267 0.0986894625719
283 268 0.105196942823
284 269 0.112598588516
285 270 0.114131761985
286 271 0.123652626924
287 272 0.117625110101
288 273 0.108573592806
289 274 0.104031960087
290 275 0.0995754015788
291 276 0.0928670714458
292 277 0.0988620049225
293 278 0.0962693256379
294 279 0.108279661397
295 280 0.110213277761
296 281 0.106239204519
297 282 0.106430663379
298 283 0.103577836302
299 284 0.11358781769
300 285 0.117352264831
301 286 0.121358175238
302 287 0.130073120423
303 288 0.135468698188
304 289 0.133324859164
305 290 0.138728523719
306 291 0.132320875599
307 292 0.121116815205
308 293 0.125101004393
309 294 0.118610509036
310 295 0.107549155027
311 296 0.0977199106547
312 297 0.089382967307
313 298 0.0805730089427
314 299 0.0872154536185
315 300 0.0880723366466
316 301 0.100276136468
317 302 0.108696557805
318 303 0.117374464989
319 304 0.128956530019
320 305 0.134142464836
321 306 0.143807741922
322 307 0.154720763125
323 308 0.155314265758
324 309 0.163056261537
325 310 0.154203590684
326 311 0.145828911817
327 312 0.14133309148
328 313 0.143533832965
329 314 0.135063371586
330 315 4.78709508935
331 315 4.78709508935
332 315 4.78709508935
333 315 4.78709508935
334 315 4.78709508935
335 316 6.88859415355
336 316 6.88859415355
337 316 6.88859415355
338 316 6.88859415355
339 316 6.88859415355
340 317 8.782780389
341 317 8.782780389
342 317 8.782780389
343 317 8.782780389
344 317 8.782780389
345 318 9.59778882886
346 318 9.59778882886
347 318 9.59778882886
348 318 9.59778882886
349 318 9.59778882886
350 319 7.27905622703
351 319 7.27905622703
352 319 7.27905622703
353 319 7.27905622703
354 319 7.27905622703
355 320 7.08790354741
356 320 7.08790354741
357 320 7.08790354741
358 320 7.08790354741
359 320 7.08790354741
360 321 6.18061092214
361 321 6.18061092214
362 321 6.18061092214
363 321 6.18061092214
364 322 0.164963654725
365 323 0.166004278899
366 324 0.162039816851
367 325 0.150702085074
368 326 0.155721141418
369 327 0.159060028352
370 328 0.147761349669
371 329 0.142535770802
372 330 0.151051514789
373 331 0.147974829789
374 332 0.13605210229
375 333 0.139640353147
376 334 0.146085927008
377 335 0.135795437555
378 336 0.129056946211
379 337 0.138167403155
380 338 0.138362439183
381 339 0.12604774944
382 340 0.12759374209
383 341 0.13694620358
384 342 0.130312388489
385 343 0.141019746668
386 344 0.141300715528
387 345 0.131738270596
388 346 0.132916028841
389 347 0.13128012382
390 348 0.129007007814
391 349 0.12834642555
392 350 0.119800472684
393 351 0.124546380841
394 352 0.114638057429
395 353 0.103880229743
396 354 0.0951894150674
397 355 0.0858370961862
398 356 0.0878319830592
399 357 0.0795267524047
400 358 0.0847733368179
401 359 0.0795529661999
402 360 0.0832015493788
403 361 0.0864736792416
404 362 0.0901499353144
405 363 0.10026597633
406 364 0.111117850792
407 365 0.1226032947
408 366 0.128247935154
409 367 0.138201431744
410 368 0.144265719404
411 369 0.145514901347
412 370 0.148941161186
413 371 0.161152661674
414 372 0.164071048269
415 373 0.175777874648
416 374 0.171628976977
417 375 0.171790655246
418 376 0.168583673467
419 377 0.157773401802
420 378 0.154585489852
421 379 0.146179302193
422 380 0.138316740522
423 381 0.128529222538
424 382 0.11706906931
425 383 0.110271733581
426 384 0.0987072947371
427 385 0.0905817827605
428 386 0.0864455789395
429 387 0.0929577506114
430 388 0.0923926570406
431 389 0.0973321849107
432 390 0.109150749317
433 391 0.114252713148
434 392 0.116819907756
435 393 0.127605324118
436 394 0.128347034817
437 395 0.137534167692
438 396 0.140029569743
439 397 0.149472602126
440 398 0.14365351119
441 399 0.14204246029
442 400 0.146650486184
443 401 0.139226665351
444 402 0.128702172549
445 403 0.132407243448
446 404 0.125424125879
447 405 0.11606751876
448 406 0.104505883633
449 407 0.104858921195
450 408 0.0968420974187
451 409 0.101006546186
452 410 0.0976852385163
453 411 0.10326975147
454 412 0.109852387378
455 413 0.115476081479
456 414 0.121917820571
457 415 0.133197933513
458 416 0.139448658309
459 417 0.148301680846
460 418 0.141868286806
461 419 0.138786685885
462 420 0.128542466631
463 421 0.120174020574
464 422 0.122182003532
465 423 0.114829690529
466 424 0.116018977721
467 425 0.11401480295
468 426 0.104974214605
469 427 0.103898183239
470 428 0.109012509144
471 429 0.100757884049
472 430 0.109844241252
473 431 0.115489701282
474 432 0.109155017216
475 433 0.10481255148
476 434 0.105718484108
477 435 0.0978994984225
478 436 0.0968931954553
479 437 0.0971315428048
480 438 0.090578979291
481 439 0.0824943272211
482 440 0.0814787452879
483 441 0.08224645644
484 442 0.0741397915715
485 443 0.0659205812818
486 444 0.0674645003678
487 445 0.0695203001271
488 446 0.0589940248743
489 447 0.0554603945041
490 448 0.0525345049244
491 449 0.0528948544492
492 450 0.059509636522
493 451 0.0630022852749
494 452 0.0608163557579
495 453 0.0534691457274
496 454 0.0580324511937
497 455 0.0614796011309
498 456 0.0566849230252
499 457 0.0498062274645
500 458 0.0534017930319
501 459 0.0563399627533
502 460 0.0509268591268
503 461 0.0512964195102
504 462 0.0558451758263
505 463 0.0639235725886
506 464 0.0677460590281
507 465 0.0646770936945
508 466 0.0664972890516
509 467 0.0723729282916
510 468 0.0648105933138
511 469 0.0665329671309
512 470 0.0640623094609
513 471 0.0718847289988
514 472 0.0796937237457
515 473 0.0817026916046
516 474 0.0744894974401
517 475 0.0816782350308
518 476 0.0846193211947
519 477 0.0861340483827
520 478 0.0817169665984
521 479 0.0736193757338
522 480 0.0733416943945
523 481 0.0751388440128
524 482 0.0679899107392
525 483 0.063423276842
526 484 0.0671502137215
527 485 0.0615824940308
528 486 0.0632151360535
529 487 0.0691177005384
530 488 0.0633692324912
531 489 0.0600663580861
532 490 0.0633485949789
533 491 0.067290299774
534 492 0.0648441744561
535 493 0.0685583554959
536 494 0.0753990380556
537 495 0.0684601509234
538 496 0.066488205791
539 497 0.0587025990633
540 498 0.0570734700785
541 499 0.0537183103752
542 500 0.0550193591155
543 501 0.0574421257899
544 502 0.0643003673604
545 503 0.0696384223026
546 504 0.0705130886169
547 505 0.0625949535788
548 506 0.0596954793626
549 507 0.0529270114756
550 508 0.0505085979394
551 509 0.0465134546454
552 510 0.0474174212383
553 511 0.0497500753621
554 512 0.0524689640881
555 513 0.0581483830185
556 514 0.0636901887707
557 515 0.0723758920623
558 516 0.0798822900754
559 517 0.0860814607353
560 518 0.0972128198412
561 519 0.0993036791341
562 520 0.0933892372284
563 521 0.0848802432041
564 522 0.0750913362717
565 523 0.0699619051405
566 524 0.0615721944156
567 525 0.056133098581
568 526 0.0505567455107
569 527 0.0479080069125
570 528 0.0447675987377
571 529 0.0438916256366
572 530 0.0441243112543
573 531 0.0434925067079
574 532 0.0460888296149
575 533 0.0475057502571
576 534 0.0466256554356
577 535 0.0466535885276
578 536 0.0511794545568
579 537 0.0527794871969
580 538 0.0551505229863
581 539 0.0513432463591
582 540 0.0486592580712
583 541 0.0443630309092
584 542 0.044532156286
585 543 0.0442204565966
586 544 0.0411710673559
587 545 0.0386923187207
588 546 0.0385398889955
589 547 0.0384943713304
590 548 0.0379057865575
591 549 0.0359664012768
592 550 0.038919756786
593 551 0.0447108885659
594 552 0.0511573644505
595 553 0.0604532227708
596 554 0.0701872067229
597 555 0.0787352150297
598 556 0.0826095535441
599 557 0.0744710925975
600 558 0.0634801720121
601 559 0.0554915603296
602 560 0.0486529060088
603 561 0.0413716293391
604 562 0.0427650781308
605 563 0.047956832325
606 564 0.0537354226777
607 565 0.0545830909091
608 566 0.0478837055571
609 567 0.047483000271
610 568 0.0537205910277
611 569 0.0554707699666
612 570 0.052058618084
613 571 0.0465246938996
614 572 0.049099751669
615 573 0.0507031227163
616 574 0.0573648744262
617 575 0.0631780355344
618 576 0.0709157172188
619 577 0.0669021552624
620 578 0.0636714309694
621 579 0.0548486904819
622 580 0.0507134202987
623 581 0.0471647501164
624 582 0.046386291279
625 583 0.0496339174594
626 584 0.0522030923338
627 585 0.0590781599427
628 586 0.0648986142784
629 587 0.0742430996897
630 588 0.0758917943247
631 589 0.081437961706
632 590 0.0787983067314
633 591 0.0772810911197
634 592 0.0706863297099
635 593 0.0759394115236
636 594 0.0742560152337
637 595 0.0827838660509
638 596 0.0759052751293
639 597 0.0657550480445
640 598 0.0619883354341
641 599 0.0547229574791
642 600 0.0543541027357
643 601 0.0514109148677
644 602 0.0547452374508
645 603 0.0573761415315
646 604 0.058475458588
647 605 0.0626744835863
648 606 0.0602304729292
649 607 0.0668739415252
650 608 0.0650142479433
651 609 0.0608186247021
652 610 0.0617480598662
653 611 0.0633087054846
654 612 0.0617342944844
655 613 0.0671282442827
656 614 0.0675580673848
657 615 0.0622806705986
658 616 0.0633423309354
659 617 0.0690264605266
660 618 0.069165978753
661 619 0.0661055335283
662 620 0.0694150332502
663 621 0.0752676523537
664 622 0.0777661926709
665 623 0.0836069379594
666 624 0.080535192875
667 625 0.0810525589212
668 626 0.0813357701488
669 627 0.078208109172
670 628 0.0700145256898
671 629 0.0688332207649
672 630 0.0717280349701
673 631 0.0661572874262
674 632 0.0609133589066
675 633 0.0637049048774
676 634 0.0650396774352
677 635 0.0587211623373
678 636 0.0584374496104
679 637 0.0636350217149
680 638 0.0628671560746
681 639 0.0582079520021
682 640 0.0621029141398
683 641 0.066604665563
684 642 0.0631405844597
685 643 0.0625371995675
686 644 0.0686538520897
687 645 0.069269298153
688 646 0.0640949400155
689 647 0.0644062484984
690 648 0.07027521321
691 649 0.0679423519504
692 650 0.0640017744222
693 651 0.0586884162544
694 652 0.0560019030796
695 653 0.0563582496627
696 654 0.0554349419982
697 655 0.0581798732389
698 656 0.0603671409594
699 657 0.0656948399567
700 658 0.0685160870594
701 659 0.075810943107
702 660 0.0786238980165
703 661 0.0846462886676
704 662 0.0904717737043
705 663 0.0947141978637
706 664 0.102241378954
707 665 0.101251892924
708 666 0.11044330468
709 667 0.113348194352
710 668 0.10914296967
711 669 0.106380443543
712 670 0.0989637311171
713 671 0.10209489838
714 672 0.096746742531
715 673 0.0891063530028
716 674 0.0857454345633
717 675 0.0797850485156
718 676 0.0744344676842
719 677 0.0713552068257
720 678 0.0643305143114
721 679 0.062761841355
722 680 0.0587208511705
723 681 0.0563894209849
724 682 0.0559416215635
725 683 0.0546488227019
726 684 0.0536949291803
727 685 0.0520819223141
728 686 0.0530693558069
729 687 0.0549575917572
730 688 0.0538818705705
731 689 0.0520785980048
732 690 0.0547913706539
733 691 0.0555721193689
734 692 0.0514574106122
735 693 0.050836462726
736 694 0.0532281745433
737 695 0.0547886153249
738 696 0.0508548915834
739 697 0.0505549493008
740 698 0.0561839443233
741 699 0.0565056827726
742 700 0.0537639352562
743 701 0.054988454896
744 702 0.0619794844516
745 703 0.0605292400532
746 704 0.0564791963911
747 705 0.0584356593802
748 706 0.0559751068458
749 707 0.0504080445907
750 708 0.0484580772281
751 709 0.0446327480829
752 710 0.0443207619363
753 711 0.0430731319804
754 712 0.0459261169192
755 713 0.0479722924247
756 714 0.0540551899236
757 715 0.0595493505886
758 716 0.062236323015
759 717 0.0712590332767
760 718 0.0779927458408
761 719 0.0811591313355
762 720 0.0727313135037
763 721 0.0738631297211
764 722 0.0835104362354
765 723 0.0839259487878
766 724 0.0775023278178
767 725 0.08143252594
768 726 0.089547704354
769 727 0.0873791927956
770 728 0.0834436848084
771 729 0.0900870146099
772 730 0.0960952439479
773 731 0.0931924792102
774 732 0.0875335561239
775 733 0.0900641365893
776 734 0.0831775216247
777 735 0.0800430307745
778 736 0.0737850680298
779 737 0.0762980087853
780 738 0.0722762732045
781 739 0.0767935255743
782 740 0.0701171554642
783 741 0.0627616890092
784 742 0.0664042212473
785 743 0.0707727987435
786 744 0.0657759298094
787 745 0.0628686976807
788 746 0.0686241278133
789 747 0.0709165263298
790 748 0.0660519101882
791 749 0.0664900851642
792 750 0.0722293943623
793 751 0.0724039339561
794 752 0.0743391174399
795 753 0.080418444388
796 754 0.0833510257593
797 755 0.0889918590246
798 756 0.0846036711516
799 757 0.0786183278038
800 758 0.0764324621827
801 759 0.0759337111808
802 760 0.0700725638775
803 761 0.067718061387
804 762 0.0700917245287
805 763 0.0680214423409
806 764 0.0620376386278
807 765 0.0619322659884
808 766 0.0650494266348
809 767 0.0622327213621
810 768 0.0566361582663
811 769 0.0596030921273
812 770 0.0618680469199
813 771 0.0555993242845
814 772 0.0537568932787
815 773 0.0478086828025
816 774 0.0439791188622
817 775 0.0414817473756
818 776 0.0399825643409
819 777 0.0427961994694
820 778 0.0459038690377
821 779 0.0509182066103
822 780 0.0554216642097
823 781 0.0547582647438
824 782 0.0581235117532
825 783 0.0641304554421
826 784 0.0631550941956
827 785 0.0656658238272
828 786 0.0591476745869
829 787 0.0533188034577
830 788 0.0552387606083
831 789 0.0510647991526
832 790 0.0541761115768
833 791 0.0517874177874
834 792 0.0535364381472
835 793 0.0577546048807
836 794 0.0572137747466
837 795 0.0588630807022
838 796 0.0529842275909
839 797 0.0489565413364
840 798 0.0466992463288
841 799 0.0480653058799
842 800 0.0486543924722
843 801 0.0474538812232
844 802 0.0463830483892
845 803 0.043699309984
846 804 0.0439850107022
847 805 0.0441887072854
848 806 0.0418144719577
849 807 0.0407558960893
850 808 0.0433111934228
851 809 0.0472389474141
852 810 0.0467329878926
853 811 0.0483226128925
854 812 0.0480683849635
855 813 0.0475603150145
856 814 0.0506330617699
857 815 0.0510605880579
858 816 0.0507341356031
859 817 0.0518791974634
860 818 0.0557998408288
861 819 0.0562386658473
862 820 0.0577671565244
863 821 0.0603701255044
864 822 0.0573184962033
865 823 0.0583516382052
866 824 0.0612935412245
867 825 0.0573500917047
868 826 0.0575656567501
869 827 0.0580764692539
870 828 0.0527446959877
871 829 0.0509031739017
872 830 0.0538953765825
873 831 0.0536281154022
874 832 0.0525274560961
875 833 0.0523379823946
876 834 0.0481617337746
877 835 0.0453283926323
878 836 0.0456916902565
879 837 0.0438040555477
880 838 0.0401123427126
881 839 0.0393193720658
882 840 0.0413965962592
883 841 0.038486322118
884 842 0.0360791261559
885 843 0.0381740186772
886 844 0.0412879424975
887 845 0.0389898522442
888 846 0.0395238017548
889 847 0.0441775231383
890 848 0.047431676937
891 849 0.0469954094238
892 850 0.0504707018997
893 851 0.0554001591853
894 852 0.0591822869356
895 853 0.0606119335447
896 854 0.063325825278
897 855 0.0691012463264
898 856 0.0733093003708
899 857 0.0745837806572
900 858 0.0775218856117
901 859 0.0845286204813
902 860 0.0874182587791
903 861 0.086638683967
904 862 0.0914160583013
905 863 0.098001965449
906 864 0.0982352899935
907 865 0.100529765398
908 866 0.10656318559
909 867 0.115007478248
910 868 0.111935436943
911 869 0.111970323973
912 870 0.108671740571
913 871 0.107320179684
914 872 0.0987455201177
915 873 0.0935011681047
916 874 0.0895861071519
917 875 0.0852359837888
918 876 0.0875837383389
919 877 0.0814207530825
920 878 0.0874002896715
921 879 0.0967751566661
922 880 0.104156695606
923 881 0.114822515849
924 882 0.114397467624
925 883 0.108302734772
926 884 0.0992081169103
927 885 0.0904887869437
928 886 0.0879360261523
929 887 0.0812716527671
930 888 0.0839568717568
931 889 0.0793234164657
932 890 0.0853628749755
933 891 0.0835976563731
934 892 0.0761859216019
935 893 0.0793916258177
936 894 0.0806141959709
937 895 0.0893673475345
938 896 0.0957005655937
939 897 0.104216558367
940 898 0.111790379814
941 899 0.119115190177
942 900 0.126833226715
943 901 0.121622805818
944 902 0.117381717859
945 903 0.126295730321
946 904 0.136803507118
947 905 0.142604374518
948 906 0.135951218261
949 907 0.14332325489
950 908 0.141447906768
951 909 0.130728713054
952 910 0.127249577379
953 911 0.118448677774
954 912 0.116219696701
955 913 0.109993031056
956 914 0.109945301351
957 915 0.105526192591
958 916 0.101237555068
959 917 0.106999574324
960 918 0.111799872454
961 919 0.119765332635
962 920 0.124964643526
963 921 0.130821968582
964 922 0.127236252627
965 923 0.133112069884
966 924 0.135294777194
967 925 0.136799654507
968 926 0.14110139333
969 927 0.135131533486
970 928 0.130475986575
971 929 0.120820123753
972 930 0.114492705978
973 931 0.10609529807
974 932 0.0996731339318
975 933 0.0910034126803
976 934 0.0847295349827
977 935 0.0911879253967
978 936 0.0915345661036
979 937 0.0981846707957
980 938 0.102962649212
981 939 0.1022836718
982 940 0.107237330072
983 941 0.102262448936
984 942 0.106390804376
985 943 0.104155388794
986 944 0.109669236853
987 945 0.108470698922
988 946 0.111077574431
989 947 0.120133312306
990 948 0.116294098701
991 949 0.104794038862
992 950 0.105470635993
993 951 0.0962673845613
994 952 0.0966819870861
995 953 0.095179915678
996 954 0.0958730025644
997 955 0.103347816791
998 956 0.102333205348
999 957 0.109620080629
1000 958 0.107831647111
1001 959 0.113671874014
