1 0 34.7303043377
2 0 34.7303043377
3 0 34.7303043377
4 0 34.7303043377
5 0 34.7303043377
6 1 35.4316590351
7 1 35.4316590351
8 1 35.4316590351
9 1 35.4316590351
10 1 35.4316590351
11 2 33.4701684067
12 2 33.4701684067
13 2 33.4701684067
14 2 33.4701684067
15 2 33.4701684067
16 3 27.5890083876
17 3 27.5890083876
18 3 27.5890083876
19 3 27.5890083876
20 3 27.5890083876
21 4 28.0808292151
22 4 28.0808292151
23 4 28.0808292151
24 4 28.0808292151
25 4 28.0808292151
26 5 25.8659670933
27 5 25.8659670933
28 5 25.8659670933
29 5 25.8659670933
30 5 25.8659670933
31 6 22.9462104861
32 6 22.9462104861
33 6 22.9462104861
34 6 22.9462104861
35 6 22.9462104861
36 7 20.1788348104
37 7 20.1788348104
38 7 20.1788348104
39 7 20.1788348104
40 7 20.1788348104
41 8 19.3093019984
42 8 19.3093019984
43 8 19.3093019984
44 8 19.3093019984
45 8 19.3093019984
46 9 20.8988091745
47 9 20.8988091745
48 9 20.8988091745
49 9 20.8988091745
50 9 20.8988091745
51 10 19.8893576506
52 10 19.8893576506
53 10 19.8893576506
54 10 19.8893576506
55 10 19.8893576506
56 11 13.3379584824
57 11 13.3379584824
58 11 13.3379584824
59 11 13.3379584824
60 11 13.3379584824
61 12 13.5324542873
62 12 13.5324542873
63 12 13.5324542873
64 12 13.5324542873
65 12 13.5324542873
66 13 13.2845367512
67 13 13.2845367512
68 13 13.2845367512
69 13 13.2845367512
70 13 13.2845367512
71 14 11.2826404789
72 14 11.2826404789
73 14 11.2826404789
74 14 11.2826404789
75 14 11.2826404789
76 15 9.91358262073
77 15 9.91358262073
78 15 9.91358262073
79 15 9.91358262073
80 15 9.91358262073
81 16 8.50696795627
82 16 8.50696795627
83 16 8.50696795627
84 16 8.50696795627
85 16 8.50696795627
86 17 7.80403315843
87 17 7.80403315843
88 17 7.80403315843
89 17 7.80403315843
90 17 7.80403315843
91 18 7.55892952919
92 18 7.55892952919
93 18 7.55892952919
94 18 7.55892952919
95 18 7.55892952919
96 19 6.66291044824
97 19 6.66291044824
98 19 6.66291044824
99 19 6.66291044824
100 19 6.66291044824
101 20 6.29625171544
102 20 6.29625171544
103 20 6.29625171544
104 20 6.29625171544
105 20 6.29625171544
106 21 7.29741490491
107 21 7.29741490491
108 21 7.29741490491
109 21 7.29741490491
110 21 7.29741490491
111 22 4.4666642917
112 22 4.4666642917
113 22 4.4666642917
114 22 4.4666642917
115 22 4.4666642917
116 23 6.91027965093
117 23 6.91027965093
118 23 6.91027965093
119 23 6.91027965093
120 23 6.91027965093
121 24 7.39848028096
122 24 7.39848028096
123 24 7.39848028096
124 24 7.39848028096
125 24 7.39848028096
126 25 10.0016297907
127 25 10.0016297907
128 25 10.0016297907
129 25 10.0016297907
130 25 10.0016297907
131 26 12.8208675915
132 26 12.8208675915
133 26 12.8208675915
134 26 12.8208675915
135 26 12.8208675915
136 27 13.388616816
137 27 13.388616816
138 27 13.388616816
139 27 13.388616816
140 27 13.388616816
141 28 12.8978028756
142 28 12.8978028756
143 28 12.8978028756
144 28 12.8978028756
145 28 12.8978028756
146 29 12.7799405518
147 29 12.7799405518
148 29 12.7799405518
149 29 12.7799405518
150 29 12.7799405518
151 30 12.0393477583
152 30 12.0393477583
153 30 12.0393477583
154 30 12.0393477583
155 30 12.0393477583
156 31 10.1237055849
157 31 10.1237055849
158 31 10.1237055849
159 31 10.1237055849
160 31 10.1237055849
161 32 10.4940938274
162 32 10.4940938274
163 32 10.4940938274
164 32 10.4940938274
165 32 10.4940938274
166 33 10.1530198204
167 33 10.1530198204
168 33 10.1530198204
169 33 10.1530198204
170 33 10.1530198204
171 34 9.51816271106
172 34 9.51816271106
173 34 9.51816271106
174 34 9.51816271106
175 34 9.51816271106
176 35 6.53987752104
177 35 6.53987752104
178 35 6.53987752104
179 35 6.53987752104
180 35 6.53987752104
181 36 7.96087972886
182 36 7.96087972886
183 36 7.96087972886
184 36 7.96087972886
185 36 7.96087972886
186 37 10.9263084928
187 37 10.9263084928
188 37 10.9263084928
189 37 10.9263084928
190 37 10.9263084928
191 38 10.0325095603
192 38 10.0325095603
193 38 10.0325095603
194 38 10.0325095603
195 38 10.0325095603
196 39 9.97285567562
197 39 9.97285567562
198 39 9.97285567562
199 39 9.97285567562
200 39 9.97285567562
201 40 10.6265807368
202 40 10.6265807368
203 40 10.6265807368
204 40 10.6265807368
205 40 10.6265807368
206 41 11.6285155171
207 41 11.6285155171
208 41 11.6285155171
209 41 11.6285155171
210 41 11.6285155171
211 42 12.3040948686
212 42 12.3040948686
213 42 12.3040948686
214 42 12.3040948686
215 42 12.3040948686
216 43 11.7202125804
217 43 11.7202125804
218 43 11.7202125804
219 43 11.7202125804
220 43 11.7202125804
221 44 11.0421703406
222 44 11.0421703406
223 44 11.0421703406
224 44 11.0421703406
225 44 11.0421703406
226 45 11.7713549512
227 45 11.7713549512
228 45 11.7713549512
229 45 11.7713549512
230 45 11.7713549512
231 46 8.78131826003
232 46 8.78131826003
233 46 8.78131826003
234 46 8.78131826003
235 46 8.78131826003
236 47 9.32402424936
237 47 9.32402424936
238 47 9.32402424936
239 47 9.32402424936
240 47 9.32402424936
241 48 8.04145709174
242 48 8.04145709174
243 48 8.04145709174
244 48 8.04145709174
245 48 8.04145709174
246 49 9.26038452764
247 49 9.26038452764
248 49 9.26038452764
249 49 9.26038452764
250 49 9.26038452764
251 50 6.66219644718
252 50 6.66219644718
253 50 6.66219644718
254 50 6.66219644718
255 50 6.66219644718
256 51 8.09410163799
257 51 8.09410163799
258 51 8.09410163799
259 52 11.7578115824
260 53 10.8623702601
261 54 9.94105854701
262 55 9.27970198442
263 56 8.50630286841
264 57 7.48936902566
265 58 7.1176244852
266 59 6.38281427601
267 60 5.53740957127
268 61 5.47945080875
269 62 5.17728802475
270 63 4.95604044125
271 64 4.85363566052
272 65 4.85809247609
273 66 5.15884292675
274 67 5.5196642904
275 68 5.52202692608
276 69 5.3007178116
277 70 4.87779662991
278 71 4.91928127611
279 72 4.49018753338
280 73 4.95100058757
281 74 4.7539944748
282 75 4.1232764685
283 76 4.3540638621
284 77 4.55005613036
285 78 4.26503680871
286 79 3.90215728934
287 80 4.0815596478
288 81 3.97044800967
289 82 3.74122492292
290 83 3.82745679511
291 84 4.24366999449
292 85 4.79097829058
293 86 4.40736671506
294 87 4.4008025226
295 88 4.26960723656
296 89 3.75403125462
297 90 3.80968456552
298 91 3.79179234306
299 92 3.75956003417
300 93 3.48508288762
301 94 3.56258889783
302 95 3.69281880028
303 96 3.52554628477
304 97 3.37459685734
305 98 3.50467784697
306 99 3.40082854535
307 100 3.48540706631
308 101 3.81025424789
309 102 3.90973203414
310 103 4.71416812829
311 104 4.49008975697
312 105 3.97934234401
313 106 4.31074967504
314 107 4.24831881585
315 108 3.86637580968
316 109 3.97664347238
317 110 3.57093064447
318 111 3.53030588343
319 112 3.42808347318
320 113 3.30062582127
321 114 3.55971415555
322 115 3.48489388261
323 116 3.28368790638
324 117 3.55856952073
325 118 3.72237162219
326 119 3.38909725608
327 120 3.43904775452
328 121 3.65153932375
329 122 3.66079306517
330 123 3.91131252297
331 124 4.05641834283
332 125 4.00448656034
333 126 4.15048487447
334 127 4.3145646862
335 128 4.31084178902
336 129 3.96719512198
337 130 3.87797762943
338 131 4.00116794787
339 132 4.48177003323
340 133 4.60519680202
341 134 4.70069391412
342 135 4.29064760906
343 136 4.25461346432
344 137 4.17230009432
345 138 4.17570044976
346 139 4.66578873819
347 140 5.17512329273
348 141 6.07339973417
349 142 6.39286475165
350 143 5.7820361436
351 144 5.04779040387
352 145 4.71067978745
353 146 4.5966322731
354 147 4.49837936326
355 148 4.62560455423
356 149 4.73982840965
357 150 5.00486013015
358 151 4.89514118475
359 152 4.65649879994
360 153 4.57338797192
361 154 5.00848025457
362 155 5.47229737532
363 156 5.58787102286
364 157 5.33889766841
365 158 5.38244991124
366 159 5.95814333878
367 160 5.43358690791
368 161 5.24728678701
369 162 5.7124988798
370 163 6.21678516667
371 164 5.72405002234
372 165 5.24933647448
373 166 5.52250642713
374 167 5.82201478852
375 168 6.49041895179
376 169 6.37907949095
377 170 5.70391173938
378 171 5.88702623105
379 172 5.47846993386
380 173 5.30388205709
381 174 5.15943607282
382 175 5.54801523755
383 176 5.49777213068
384 177 5.5986955819
385 178 5.16794008348
386 179 5.32441661337
387 180 5.18468281461
388 181 5.58943593615
389 182 5.45836182163
390 183 5.37071323489
391 184 5.77606229439
392 185 6.15079372498
393 186 6.16130423251
394 187 6.2993375396
395 188 6.2361223697
396 189 5.94342736154
397 190 5.72033298849
398 191 5.6035237738
399 192 5.61365460766
400 193 5.83337669846
401 194 6.29847803461
402 195 6.03480888447
403 196 5.97464741237
404 197 5.90944061382
405 198 5.57412507229
406 199 5.51148651196
407 200 5.30013878252
408 201 5.35854461473
409 202 5.42378601708
410 203 5.74083310088
411 204 6.01789175936
412 205 6.0757082481
413 206 5.98192748286
414 207 6.22220633202
415 208 6.82302235949
416 209 6.86245672016
417 210 6.53190870255
418 211 6.72291219932
419 212 6.26321010769
420 213 6.52173449505
421 214 6.0732098528
422 215 5.73770069606
423 216 5.6045842544
424 217 5.75201426896
425 218 5.39163338556
426 219 5.33780915192
427 220 4.82285792766
428 221 4.60056478381
429 222 5.07227493275
430 223 5.07501984355
431 224 5.12241194103
432 225 5.51988069548
433 226 5.95341190739
434 227 5.87777973615
435 228 6.322398635
436 229 6.74636789387
437 230 6.84109016277
438 231 6.25945481896
439 232 6.1816812818
440 233 6.7659668822
441 234 6.78681163819
442 235 6.40353499612
443 236 6.7024658181
444 237 7.26783701783
445 238 7.1983026089
446 239 6.86873643908
447 240 7.1408257279
448 241 7.483557816
449 242 6.95437253168
450 243 6.54594065522
451 244 6.92988829946
452 245 7.20601848468
453 246 6.80142501385
454 247 6.45378069766
455 248 6.64602658377
456 249 6.58356018287
457 250 6.97209589367
458 251 6.9981394908
459 252 7.22037156112
460 253 6.80740096235
461 254 6.35925132332
462 255 6.13000963824
463 256 5.9961630781
464 257 5.66232127025
465 258 5.45518209903
466 259 4.92542586835
467 260 4.48773401272
468 261 4.12718544685
469 262 3.94120980342
470 263 4.38880084183
471 264 4.30896299215
472 265 4.96238046369
473 266 5.31545875428
474 267 5.30054056404
475 268 5.68248231069
476 269 5.29851085014
477 270 5.02375976843
478 271 4.73730688347
479 272 4.53407829308
480 273 4.51538776414
481 274 4.97563145359
482 275 5.83061061255
483 276 6.2433580631
484 277 6.31748058304
485 278 7.16389500246
486 279 6.58986140898
487 280 6.08567594671
488 281 6.98838179712
489 282 7.25628775928
490 283 7.90877553938
491 284 8.70701532869
492 285 9.09489962269
493 286 8.70840755182
494 287 7.76828026442
495 288 6.96439226023
496 289 6.65960560319
497 290 7.61343505472
498 291 7.59877036165
499 292 7.00380651851
500 293 7.36118225295
501 294 6.9495800858
502 295 6.40700192517
503 296 5.62655003998
504 297 5.0138616307
505 298 5.04595716511
506 299 5.82884659339
507 300 5.87994857938
508 301 5.39566525869
509 302 5.67273803014
510 303 6.39190975162
511 304 6.47474597271
512 305 6.99331506189
513 306 7.53063939493
514 307 8.33830560862
515 308 8.14501632741
516 309 8.87742843315
517 310 9.94879489524
518 311 10.252570725
519 312 9.8660360661
520 313 9.71855433079
521 314 9.42410887498
522 315 8.60089993942
523 316 8.98584084129
524 317 9.86403564977
525 318 9.88405354975
526 319 9.80682661633
527 320 8.90315604027
528 321 8.40888699155
529 322 7.540734824
530 323 7.25400915438
531 324 6.88846070047
532 325 6.2430749431
533 326 6.16048907271
534 327 6.24181594847
535 328 5.59591200109
536 329 5.70736444309
537 330 5.24694731912
538 331 5.41891831834
539 332 6.16546880122
540 333 6.71216117961
541 334 6.66992886431
542 335 7.08952645266
543 336 7.3738456956
544 337 6.42581584727
545 338 5.62356768918
546 339 6.02114379802
547 340 5.70297604622
548 341 5.97672131565
549 342 6.28055892086
550 343 6.98413217961
551 344 6.78188630285
552 345 7.53632354159
553 346 7.65409563633
554 347 8.2995385652
555 348 8.66588622455
556 349 8.3317710661
557 350 7.93762319316
558 351 8.0005154798
559 352 7.68939780718
560 353 8.47046133149
561 354 8.92547625764
562 355 9.28534675373
563 356 8.89138590527
564 357 9.54918186171
565 358 9.34380199146
566 359 10.2544894478
567 360 10.0092733072
568 361 10.0794102274
569 362 10.8296176289
570 363 10.448619686
571 364 9.86130291238
572 365 9.69176116505
573 366 10.5026354098
574 367 10.471965833
575 368 10.0848759796
576 369 9.02413250765
577 370 8.49545537186
578 371 7.55002108595
579 372 6.97155341841
580 373 6.32038665572
581 374 6.11218148348
582 375 5.36618525623
583 376 5.63105918696
584 377 5.29899645539
585 378 4.82548493598
586 379 4.40295277874
587 380 4.36105759874
588 381 4.52975444275
589 382 4.22322884433
590 383 4.6989109507
591 384 4.4826058978
592 385 4.60092084748
593 386 5.44037906926
594 387 5.93134385566
595 388 6.53578663037
596 389 6.52492408338
597 390 7.30089501595
598 391 7.38246347917
599 392 7.14145742529
600 393 7.59826716174
601 394 7.34396877833
602 395 6.8193853214
603 396 6.24869314068
604 397 5.7781736871
605 398 5.74429512621
606 399 5.35771142047
607 400 6.01534759533
608 401 6.18813480025
609 402 7.17370655799
610 403 7.58871475845
611 404 8.52098393393
612 405 8.67728798109
613 406 8.71041450541
614 407 7.94687990261
615 408 8.80383401554
616 409 9.2824997565
617 410 10.2345447633
618 411 11.4152836409
619 412 11.6383840368
620 413 12.0111446098
621 414 10.8021000673
622 415 10.1960205589
623 416 9.01857305953
624 417 8.18208491487
625 418 7.92398696811
626 419 7.33760756059
627 420 7.86068125532
628 421 8.36188214173
629 422 8.34332595692
630 423 8.49433663406
631 424 9.07302921314
632 425 9.43209143399
633 426 10.1224856277
634 427 10.7924800029
635 428 11.3502288215
636 429 12.254435113
637 430 11.4982059972
638 431 11.1333106882
639 432 11.4570135266
640 433 10.9474137037
641 434 10.5031316548
642 435 9.82250388417
643 436 9.53394247219
644 437 9.17554948358
645 438 9.91887681788
646 439 10.4999292321
647 440 10.8747581264
648 441 10.2792880978
649 442 10.4913854255
650 443 10.8124988986
651 444 10.3658560521
652 445 10.6386624512
653 446 10.6892193593
654 447 10.8530323608
655 448 10.5655184474
656 449 10.6586610801
657 450 9.86964723734
658 451 9.52750588573
659 452 8.97535237793
660 453 8.32807951039
661 454 7.94516393303
662 455 7.14885979768
663 456 6.83176086348
664 457 6.94679858594
665 458 6.77795047973
666 459 7.44072994152
667 460 8.27770855038
668 461 9.23751525537
669 462 10.0527265224
670 463 11.0200374155
671 464 10.7986697961
672 465 9.75211893571
673 466 9.25237580312
674 467 8.44014702034
675 468 7.99983872544
676 469 8.34193819983
677 470 7.68393855949
678 471 7.54774060096
679 472 6.82494521135
680 473 6.57046216896
681 474 7.28769611969
682 475 7.45145984582
683 476 8.07946578924
684 477 8.5738291615
685 478 9.34971668491
686 479 10.065037568
687 480 10.4645980269
688 481 11.3073711742
689 482 11.8675948322
690 483 11.6498672416
691 484 12.0261645748
692 485 11.4991347145
693 486 10.4888371546
694 487 10.2494491008
695 488 11.3196483778
696 489 11.5158373249
697 490 11.3148407268
698 491 10.7423509715
699 492 10.7270542879
700 493 10.0070777627
701 494 9.51736923477
702 495 9.77550257126
703 496 9.12436218906
704 497 9.88828279784
705 498 10.6299804831
706 499 10.8448342348
707 500 11.0664973526
708 501 10.4166227954
709 502 10.5263559628
710 503 9.90322633456
711 504 9.98414298067
712 505 9.66751668459
713 506 10.2312625314
714 507 10.843058574
715 508 10.6505951897
716 509 9.88645884993
717 510 9.240728915
718 511 9.10826905004
719 512 8.85125726106
720 513 9.02605277895
721 514 9.3754734264
722 515 8.82408926397
723 516 8.34771649056
724 517 7.53463337169
725 518 7.04761896035
726 519 7.62916124103
727 520 8.18343541019
728 521 7.64774297573
729 522 7.87505310615
730 523 7.60252044032
731 524 8.18991828424
732 525 7.34199374974
733 526 7.59101583746
734 527 7.48565506457
735 528 6.52963339897
736 529 5.87829858883
737 530 6.13543839398
738 531 6.74627563113
739 532 7.39267475688
740 533 7.80922633315
741 534 7.78907402231
742 535 8.37389883474
743 536 8.60338232262
744 537 9.25011791336
745 538 9.92042289786
746 539 10.5486758398
747 540 11.0028201484
