1 0 6.97730920794
2 0 6.97730920794
3 0 6.97730920794
4 1 0.13706991077
5 2 0.143963357892
6 3 0.1461363209
7 4 0.156555149531
8 5 0.160625272734
9 6 0.160957852312
10 7 0.156971242249
11 8 0.154511825921
12 9 0.144898112017
13 10 0.137280168592
14 11 0.135992810696
15 12 0.147722748167
16 13 0.151970796159
17 14 0.162827326653
18 15 0.171777275863
19 16 0.173654836319
20 17 0.184383691785
21 18 0.187578718848
22 19 0.197388753403
23 20 4.0290434145
24 20 4.0290434145
25 20 4.0290434145
26 20 4.0290434145
27 20 4.0290434145
28 21 3.70465828943
29 21 3.70465828943
30 21 3.70465828943
31 22 3.29361209269
32 22 3.29361209269
33 22 3.29361209269
34 22 3.29361209269
35 22 3.29361209269
36 23 3.25400418154
37 23 3.25400418154
38 23 3.25400418154
39 23 3.25400418154
40 23 3.25400418154
41 24 4.16169906449
42 25 0.261814755551
43 26 0.252037416937
44 27 0.247166947515
45 28 0.25041975303
46 29 0.247666510192
47 30 0.248405678044
48 31 0.246834079455
49 32 0.246959624252
50 33 0.24395822196
51 34 0.242915373281
52 35 0.240613938502
53 36 0.231275766363
54 37 0.234407219902
55 38 0.22336084842
56 39 0.222477736761
57 40 0.228626337128
58 41 0.230110359889
59 42 0.228651505258
60 43 0.23167039894
61 44 0.232366872926
62 45 0.232012007191
63 46 0.234008662113
64 47 0.235131876492
65 48 0.238301573529
66 49 0.238904801235
67 50 0.238077608092
68 51 0.22837663431
69 52 0.222891459002
70 53 0.225820272764
71 54 0.220643881983
72 55 0.222170732255
73 56 0.216494046704
74 57 0.218010146254
75 58 0.216332201567
76 59 0.215770642678
77 60 0.215880022199
78 61 0.212417427571
79 62 0.215272017414
80 63 0.216569404977
81 64 0.210639345654
82 65 0.20495770878
83 66 0.196478460132
84 67 0.192656147141
85 68 0.187387186333
86 69 0.190340983015
87 70 0.198181265679
88 71 0.200805837026
89 72 0.209009372067
90 73 0.209050926669
91 74 0.207131057107
92 75 0.198636281165
93 76 0.199496364904
94 77 0.192889859086
95 78 0.194215076202
96 79 0.188903587004
97 80 0.190667868844
98 81 0.188235769453
99 82 0.186960930897
100 83 0.19491026591
101 84 0.194918887366
102 85 0.196132125944
103 86 0.192566330269
104 87 0.182594086969
105 88 0.179223725107
106 89 0.169615982535
107 90 0.167743551899
108 91 0.166170246718
109 92 0.175795195411
110 93 0.180651475339
111 94 0.175838457149
112 95 0.178776433179
113 96 0.188970382364
114 97 0.18833152226
115 98 0.184977254093
116 99 0.19246460227
117 100 0.199660273724
118 101 0.196239881629
119 102 0.197466624003
120 103 0.207160869626
121 104 0.210787603281
122 105 0.20618917602
123 106 0.212910535007
124 107 0.221111239913
125 108 0.220151337827
126 109 0.223947749502
127 110 0.215754511185
128 111 0.220086031657
129 112 0.226628776712
130 113 0.21939533339
131 114 0.213965940166
132 115 0.206196694269
133 116 0.208089778264
134 117 0.203144194938
135 118 0.207399835085
136 119 0.201491729857
137 120 0.205081771608
138 121 0.202016696685
139 122 0.204461039081
140 123 0.203004878061
141 124 0.202556724905
142 125 0.206702492302
143 126 0.210698234907
144 127 0.20863129082
145 128 0.211980969041
146 129 0.209846846302
147 130 0.217990792824
148 131 0.216368833117
149 132 0.215284736721
150 133 5.19537237292
151 133 5.19537237292
152 133 5.19537237292
153 133 5.19537237292
154 133 5.19537237292
155 134 4.38743754664
156 134 4.38743754664
157 134 4.38743754664
158 134 4.38743754664
159 134 4.38743754664
160 135 3.88557256677
161 135 3.88557256677
162 135 3.88557256677
163 136 0.189742926851
164 137 0.197959162051
165 138 0.196225454096
166 139 0.2026156095
167 140 0.212145315548
168 141 0.210074059769
169 142 0.208600667193
170 143 0.219414498605
171 144 0.221871608618
172 145 0.213902656205
173 146 0.218040720162
174 147 0.228247069651
175 148 0.224943646911
176 149 0.219633336511
177 150 0.228238381083
178 151 0.235498263589
179 152 0.229262237987
180 153 0.228001149694
181 154 0.238879111321
182 155 0.241300866614
183 156 0.23462709658
184 157 0.239896666488
185 158 0.231266671483
186 159 0.234524917063
187 160 0.232882474052
188 161 0.234290379594
189 162 0.238215143597
190 163 0.239050495722
191 164 0.229755278823
192 165 0.230945269437
193 166 0.226349258104
194 167 0.227628331191
195 168 0.222011910085
196 169 0.22416285496
197 170 0.217855263769
198 171 0.208011119513
199 172 0.210821923278
200 173 0.21231534303
201 174 0.216525837793
202 175 0.220214892563
203 176 0.228399970322
204 177 0.23331309793
205 178 0.24152548493
206 179 0.24825216861
207 180 0.240483079663
208 181 0.239227971965
209 182 0.228903559644
210 183 0.220513703106
211 184 0.214497869575
212 185 0.207790680171
213 186 0.205661642612
214 187 0.200623280725
215 188 0.199614390888
216 189 0.194432855635
217 190 0.196663167881
218 191 0.207424391478
219 192 0.211785651271
220 193 0.212235266154
221 194 0.218818311756
222 195 0.22310319208
223 196 0.221031874168
224 197 0.231413386931
225 198 0.235387288228
226 199 0.227964941925
227 200 0.230327597438
228 201 0.241133506619
229 202 0.240000619104
230 203 0.233185531318
231 204 0.240003819599
232 205 0.248279594442
233 206 0.242216974175
234 207 0.239459331822
235 208 0.250321461601
236 209 0.253507148184
237 210 0.245388822934
238 211 0.248106671427
239 212 0.259110221383
240 213 0.257145591075
241 214 0.250216536388
242 215 0.258110140174
243 216 0.265983764038
244 217 0.259434961174
245 218 0.257420218936
246 219 0.268657807749
247 220 0.275251025137
248 221 0.26833576521
249 222 6.60614472973
250 222 6.60614472973
