1 0 7.35328891661
2 1 0.156863440276
3 2 0.160048484731
4 3 0.157754119001
5 4 0.156589166586
6 5 0.162831464585
7 6 0.159872736719
8 7 0.166659137427
9 8 0.166403568386
10 9 0.167309098432
11 10 0.159869296953
12 11 0.155068819209
13 12 0.157929915492
14 13 0.15640920266
15 14 0.147629209608
16 15 0.145682570462
17 16 0.149963239005
18 17 0.145730827849
19 18 0.13762611207
20 19 0.141319169722
21 20 0.142594089552
22 21 0.134161571901
23 22 0.137994054837
24 23 0.135545430384
25 24 0.142097335332
26 25 0.1370023665
27 26 0.135289913904
28 27 0.125243925054
29 28 0.120239391485
30 29 0.117908499517
31 30 0.108880073824
32 31 0.110076256217
33 32 0.107088461626
34 33 0.11352727763
35 34 0.112901611656
36 35 0.109593687421
37 36 0.114958729887
38 37 0.111773306615
39 38 0.118694921051
40 39 0.116222033263
41 40 0.124327994301
42 41 0.126663865961
43 42 0.120478406844
44 43 0.109177266318
45 44 0.106919401303
46 45 0.116009700386
47 46 0.113797410811
48 47 0.120482710225
49 48 0.116536756732
50 49 0.121916189276
51 50 0.119580604848
52 51 0.128355731126
53 52 0.135963150834
54 53 0.129179958228
55 54 0.130581087724
56 55 0.124330545274
57 56 0.123128838229
58 57 0.114931296644
59 58 0.115581419909
60 59 0.107564398771
61 60 0.111450562547
62 61 0.108541806918
63 62 0.114452690677
64 63 0.113485023797
65 64 0.113822600637
66 65 0.111795153996
67 66 0.103008575382
68 67 0.104887989994
69 68 0.106558781046
70 69 0.0980694960318
71 70 0.0910630065101
72 71 0.0935471078216
73 72 0.0837868362598
74 73 0.0842765930542
75 74 0.0906623944934
76 75 0.0970132905817
77 76 0.0955707574421
78 77 0.102387295245
79 78 0.104412324139
80 79 0.114344531709
81 80 0.117615650024
82 81 0.127621021702
83 82 0.133240248252
84 83 0.143628508579
85 84 0.152193951546
86 85 0.151648815977
87 86 0.143851782223
88 87 0.150693938676
89 88 0.157068287345
90 89 0.150130804446
91 90 0.144682383592
92 91 0.148758295518
93 92 0.149037765082
94 93 0.141819719322
95 94 0.138581056873
96 95 0.129517735677
97 96 0.129376436868
98 97 0.131248864884
99 98 0.126324430345
100 99 0.123419571138
101 100 0.12221132392
102 101 0.116809191653
103 102 0.112042171101
104 103 0.11028724934
105 104 0.108585178384
106 105 0.102563731039
107 106 0.0986954400376
108 107 0.0967181139694
109 108 0.0941990509058
110 109 0.0886947582357
111 110 0.0856074103848
112 111 0.0841948258471
113 112 0.0854869032388
114 113 0.0819931161736
115 114 0.0759627822992
116 115 0.0729695458757
117 116 0.0737251408179
118 117 0.0761872472197
119 118 0.0713696875077
120 119 0.0783742614473
121 120 0.0738295762051
122 121 0.0744096329273
123 122 0.0846290961473
124 123 0.0869368575285
125 124 0.0923548722556
126 125 0.0960425781542
127 126 0.093197218378
128 127 0.101558254001
129 128 0.108865840779
130 129 0.106727578952
131 130 0.0991873031386
132 131 0.0991787827592
133 132 0.103144754518
134 133 0.0997270341386
135 134 0.10635046227
136 135 0.105749637083
137 136 0.115634370734
138 137 0.116777892053
139 138 0.127123333164
140 139 0.129793846934
141 140 0.138850644773
142 141 0.140060359026
143 142 0.135071816985
144 143 0.133298420877
145 144 0.125282554196
146 145 0.115587611095
147 146 0.116046845395
148 147 0.107133987952
149 148 0.102751268565
150 149 0.108528556651
151 150 0.106322506591
152 151 0.0963577288194
153 152 0.097291567726
154 153 0.104589101271
155 154 0.0982363835021
156 155 0.0897789044325
157 156 0.0953420261199
158 157 0.0994515303972
159 158 0.0907754057082
160 159 0.0862034622696
161 160 0.0950325237333
162 161 0.0973412994039
163 162 0.0958363778977
164 163 0.0982802081391
165 164 0.103411384618
166 165 0.0966816953273
167 166 0.0979031999508
168 167 0.097187763469
169 168 0.0994539301098
170 169 0.106573109011
171 170 0.107246676225
172 171 0.112912356486
173 172 0.117510665636
174 173 0.112141449326
175 174 0.112968857332
176 175 0.112671342189
177 176 0.11160632433
178 177 0.118319598669
179 178 0.115372717473
180 179 0.122476637583
181 180 0.116071461958
182 181 0.105106144139
183 182 0.100911598346
184 183 0.0983370632901
185 184 0.0880019351205
186 185 0.084159191016
187 186 0.0804724128361
188 187 0.0713091938646
189 188 0.070387351727
190 189 0.0640316469922
191 190 0.067381585136
192 191 0.0745485070264
193 192 0.0790040827498
194 193 0.0856524443704
195 194 0.0923730551337
196 195 0.0971836702017
197 196 0.10514979252
198 197 0.110363224193
199 198 0.119409758623
200 199 0.125076078581
201 200 0.13350586746
202 201 0.139987115804
203 202 0.144179538534
204 203 0.150086862716
205 204 0.154493379382
206 205 0.152314945952
207 206 0.153544948232
208 207 0.147897469534
209 208 0.142257586655
210 209 0.140214373115
211 210 0.139588337832
212 211 0.14069195198
213 212 0.133866589
214 213 0.131858336239
215 214 0.130212601915
216 215 0.133046028734
217 216 0.131209097898
218 217 0.127406226319
219 218 0.119737798991
220 219 0.117486250116
221 220 0.110548756193
222 221 0.112494190523
223 222 0.121582566901
224 223 0.128836111856
225 224 0.135093906336
226 225 0.141015553167
227 226 0.13417541646
228 227 0.130465723079
229 228 0.138842932624
230 229 0.140777572974
231 230 0.133537195167
232 231 0.134524037591
233 232 0.125843865089
234 233 0.117429048898
235 234 0.108996033934
236 235 0.101603667751
237 236 0.093957735097
238 237 0.0865395607464
239 238 0.0797522626256
240 239 0.0733615119572
241 240 0.069309441782
242 241 0.0653829412002
243 242 0.0715184681121
244 243 0.0735408779915
245 244 0.0799160698451
246 245 0.0787185321876
247 246 0.0863479084153
248 247 0.0940479795733
249 248 0.101459711174
250 249 0.109574363958
251 250 0.113612764707
252 251 0.121218607445
253 252 0.127720119155
254 253 0.131885049836
255 254 0.129528848798
256 255 0.12447808095
257 256 0.119092556327
258 257 0.110632335192
259 258 0.106352392364
260 259 0.110959309207
261 260 0.107907790342
262 261 0.100078108728
263 262 0.100270495803
264 263 0.101043949597
265 264 0.0937053545223
266 265 0.0895723204357
267 266 0.0936495328963
268 267 0.0913883514141
269 268 0.0833532264153
270 269 0.0849147188418
271 270 0.0896212926736
272 271 0.0840498950119
273 272 0.0789161835534
274 273 0.085933238714
275 274 0.0889875852091
276 275 0.0816303131148
277 276 0.0813636894265
278 277 0.0910862648616
279 278 0.0911039680357
280 279 0.0846976693753
281 280 0.0909654409443
282 281 0.0994807837575
283 282 0.0944651272058
284 283 0.0926496249668
285 284 0.103702972433
286 285 0.106833772688
287 286 0.100789982398
288 287 0.105983470699
289 288 0.11664767374
290 289 0.115220564498
291 290 0.111487072986
292 291 0.121356758605
293 292 0.128862678092
294 293 0.122768995629
295 294 0.124470408306
296 295 0.136746349599
297 296 0.137416406771
298 297 0.131699117082
299 298 0.137491930933
300 299 0.148293960333
301 300 0.144670640178
302 301 6.04897059413
303 301 6.04897059413
304 301 6.04897059413
305 301 6.04897059413
