1 0 0.208719284577
2 1 0.204308101518
3 2 0.201845733791
4 3 0.199455006664
5 4 0.200840707853
6 5 0.200279469772
7 6 0.20519099195
8 7 0.203547307735
9 8 0.194361132733
10 9 0.192376356978
11 10 0.194933221317
12 11 0.194627599133
13 12 0.199445298978
14 13 0.208683636201
15 14 0.207372630018
16 15 0.200648786876
17 16 0.199156093952
18 17 0.192915764661
19 18 0.195578380446
20 19 0.190992912611
21 20 0.192887016707
22 21 0.187068123598
23 22 0.178694312144
24 23 0.182054528927
25 24 0.182008142768
26 25 0.185107881552
27 26 0.186742550224
28 27 0.192915598419
29 28 0.196073099112
30 29 0.203576419716
31 30 0.205873727486
32 31 0.214062869839
33 32 0.219763099939
34 33 0.214887399045
35 34 0.2136494857
36 35 0.209490710326
37 36 0.203391080866
38 37 0.207037755681
39 38 0.202757658063
40 39 0.206286210637
41 40 0.215103630147
42 41 0.221999098617
43 42 0.230145683859
44 43 0.235661907
45 44 0.230449253767
46 45 0.223591963193
47 46 0.214675739603
48 47 0.208918364612
49 48 0.199840628696
50 49 0.196165918276
51 50 0.187244479313
52 51 0.182775599768
53 52 0.174292796343
54 53 0.169259554133
55 54 0.165232719909
56 55 0.156894977645
57 56 0.153330225419
58 57 0.158120008517
59 58 0.166323665844
60 59 0.165691239363
61 60 0.171822534152
62 61 0.174318070935
63 62 0.177848558295
64 63 0.181757381676
65 64 0.187031549709
66 65 0.188934420481
67 66 0.191887719168
68 67 0.197196709923
69 68 0.2015129973
70 69 0.202556466688
71 70 0.206695884218
72 71 0.212800399378
73 72 0.215580927628
74 73 0.215863580534
75 74 0.22001951879
76 75 0.228457696427
77 76 0.228118805052
78 77 0.228243217128
79 78 0.236168797147
80 79 0.231661495317
81 80 0.239263787522
82 81 0.240177168859
83 82 0.232678146603
84 83 0.232946862002
85 84 0.225738357029
86 85 0.221250305964
87 86 0.213224763206
88 87 0.210764938424
89 88 0.201601660281
90 89 0.199498536101
91 90 0.190677230738
92 91 0.187509085158
93 92 0.179098192112
94 93 0.177247521029
95 94 0.171840634272
96 95 0.170835026365
97 96 0.172825150325
98 97 0.175754929799
99 98 0.174547075977
100 99 0.168282432868
101 100 0.168398105886
102 101 0.163909117198
103 102 0.171659301023
104 103 0.17888057441
105 104 0.182376740658
106 105 0.190502918548
107 106 0.1901557494
108 107 0.186293828282
109 108 0.193359890759
110 109 0.200138626698
111 110 0.196049193744
112 111 0.195628086589
113 112 0.20471299485
114 113 0.207197428528
115 114 0.201648309243
116 115 0.204734983932
117 116 0.213581692186
118 117 0.211907625337
119 118 0.207983117049
120 119 0.215458053194
121 120 0.221000900603
122 121 0.216069929176
123 122 0.216651564009
124 123 0.225968019087
125 124 0.226662344583
126 125 0.23446317948
127 126 0.23366618486
128 127 0.240138556396
129 128 0.238171517075
130 129 0.231755067106
131 130 0.224914596516
132 131 0.219217805063
133 132 0.212460370231
134 133 0.208999148813
135 134 0.202712072579
136 135 0.205690900381
137 136 0.201630601993
138 137 0.204241780617
139 138 0.199304415936
140 139 0.197255605055
141 140 0.201717550939
142 141 0.207768609584
143 142 0.210020148467
144 143 0.212625056048
145 144 0.213431932561
146 145 0.207653900909
147 146 0.209166349872
148 147 0.201697468464
149 148 0.195455287802
150 149 0.186817297123
151 150 0.179063308913
152 151 0.178371850664
153 152 0.187205614614
154 153 0.185375352829
155 154 0.17843391856
156 155 0.184868427246
157 156 0.191513961195
158 157 0.195791404061
159 158 0.19886901422
160 159 0.197765150841
161 160 0.204511717342
162 161 0.205802356929
163 162 0.214669685379
164 163 0.21800141969
165 164 0.2272192031
166 165 0.232802554461
167 166 0.238410052387
168 167 0.246286208254
169 168 0.253047877862
170 169 0.247688011991
171 170 0.241491854039
172 171 0.247728716205
173 172 0.249683598983
174 173 0.243233192439
175 174 0.244914359377
176 175 0.238550450025
177 176 0.230271147017
178 177 0.224199078051
179 178 0.216819836376
180 179 0.215362715444
181 180 0.206715176343
182 181 0.206613127286
183 182 0.198807446878
184 183 0.19749303134
185 184 0.203259081201
186 185 0.212085867476
187 186 0.220974923123
188 187 0.228774469467
189 188 0.232049422019
190 189 0.224019795119
191 190 0.22455758499
192 191 0.232986441374
193 192 0.23102002308
194 193 0.223529180778
195 194 0.228991033794
196 195 0.235123659613
197 196 0.228792744552
198 197 0.223874220653
199 198 0.231339323782
200 199 0.23251534842
201 200 0.223726101909
202 201 0.224197351116
203 202 0.232089386229
204 203 0.227784262043
205 204 0.220845916227
206 205 0.226765225169
207 206 0.230612080859
208 207 0.222081556189
209 208 0.220215237441
210 209 0.22845755595
211 210 0.225758327888
212 211 0.217529265779
213 212 0.221667388579
214 213 0.22809850635
215 214 0.221779422396
216 215 0.216658733899
217 216 0.223207380451
218 217 0.22990854039
219 218 0.225102385162
220 219 0.224959362272
221 220 0.234212706361
222 221 0.240889736496
223 222 0.247717463738
224 223 6.10371797525
225 223 6.10371797525
226 223 6.10371797525
227 223 6.10371797525
228 223 6.10371797525
229 224 5.5988610226
230 224 5.5988610226
231 224 5.5988610226
232 224 5.5988610226
233 224 5.5988610226
234 225 11.0220334435
235 225 11.0220334435
236 225 11.0220334435
237 225 11.0220334435
238 225 11.0220334435
239 226 10.628963713
240 226 10.628963713
241 226 10.628963713
242 226 10.628963713
243 226 10.628963713
244 227 14.33876484
245 227 14.33876484
246 227 14.33876484
247 228 18.4320776671
248 229 17.9396679277
249 230 17.355264018
250 231 15.5287487542
251 232 15.0325310256
252 233 15.6121754037
253 234 14.4381740297
254 235 13.6278072936
255 236 14.4462280806
256 237 14.4059405902
257 238 13.8391521793
258 239 13.2807726349
259 240 13.4323806269
260 241 12.9842836793
261 242 13.2548834308
262 243 13.8170306286
263 244 14.5165228075
264 245 15.8487933275
265 246 17.0455464344
266 247 18.8878858006
267 248 20.9909989138
268 249 22.7758714694
269 250 25.0503858871
270 251 24.2186442007
271 252 23.5521686551
272 253 21.3095746822
273 254 20.0134550162
274 255 18.0045769256
275 256 17.2196262191
276 257 15.823873757
277 258 15.2450499775
278 259 14.5906276237
279 260 14.284810965
280 261 13.5232160023
281 262 12.7979676948
282 263 12.8387932643
283 264 12.6493419127
284 265 13.0585455329
285 266 12.6629565877
286 267 12.4857471427
287 268 12.7897654753
288 269 13.2172866925
289 270 14.3286556345
290 271 14.8647428373
291 272 16.3844012534
292 273 16.8993379427
293 274 18.3540560933
294 275 19.3490920933
295 276 19.0805905766
296 277 20.5829721314
297 278 22.514469282
298 279 23.1723568889
299 280 21.9115270844
300 281 23.4880876191
301 282 22.8677398059
302 283 22.4214434523
303 284 20.247009809
304 285 19.8262465194
305 286 20.2295700377
306 287 18.2994646007
307 288 16.9693021983
308 289 16.5177629958
309 290 16.3512656323
310 291 15.1721135596
311 292 14.386426999
312 293 15.0288943445
313 294 14.3848242874
314 295 13.237944821
315 296 13.5182974291
316 297 13.1376665716
317 298 12.5944685845
318 299 12.9419688824
319 300 12.8811209667
320 301 13.8807090713
321 302 14.1923857656
322 303 15.4698229188
323 304 16.5993099771
324 305 16.3644077992
325 306 16.0261724994
326 307 17.7905911165
327 308 17.1945889385
328 309 15.6352815256
329 310 16.1922905171
330 311 14.6094209196
331 312 14.3362506547
332 313 15.9086426385
333 314 15.501752598
334 315 14.4693288878
335 316 14.2462520211
336 317 14.5379106863
337 318 14.1080339519
338 319 14.9599073832
339 320 15.589396079
340 321 16.035207415
341 322 17.7452530602
342 323 19.0080759135
343 324 21.0417783709
344 325 21.2757893184
345 326 23.5719587298
346 327 24.3157867221
347 328 26.3169972381
348 329 28.5620493435
349 330 27.2673280898
350 331 25.7462221172
351 332 23.6038929783
352 333 21.328064845
353 334 20.3887582865
354 335 18.1832371777
355 336 16.8449940377
356 337 15.0976972341
357 338 14.0257388167
358 339 13.2726354481
359 340 12.9788068592
360 341 12.883013605
361 342 12.7911361846
362 343 13.6454806223
363 344 13.8516089474
364 345 12.9960087773
365 346 12.5112864104
366 347 12.5792096428
367 348 13.1750578599
368 349 13.7660631103
369 350 15.2073158534
370 351 16.7277457293
371 352 18.5086906461
372 353 20.6444380398
373 354 22.4556822207
374 355 24.8323457677
375 356 27.1407804827
376 357 26.8469290626
377 358 29.0815217546
378 359 29.5062328254
379 360 30.6237214436
380 361 28.7614315571
381 362 26.987118007
382 363 25.229191374
383 364 26.4880431499
384 365 28.0647235703
385 366 26.1263315948
386 367 26.7679481738
387 368 24.357080564
388 369 23.607852606
389 370 21.8723237878
390 371 20.2112259189
391 372 18.7471835696
392 373 18.3149133698
393 374 16.8521488686
394 375 17.1929583659
395 376 16.9239342827
396 377 17.0295931211
397 378 18.2821713264
398 379 18.1899243655
399 380 19.9127665276
400 381 20.3740023176
401 382 21.5976353117
402 383 22.779152982
403 384 23.7050825482
404 385 21.5235862481
405 386 20.5209383468
406 387 18.9771362002
407 388 18.8085205521
408 389 19.656928556
409 390 18.6986723232
410 391 19.8806659965
411 392 19.5957466038
412 393 20.7661383579
413 394 20.0341172739
414 395 21.371388743
415 396 21.9007740384
416 397 23.2727014463
417 398 25.50213031
418 399 26.7127032043
419 400 28.6070916742
420 401 27.0566254286
421 402 26.9124413143
422 403 24.9641297273
423 404 24.7262839597
424 405 23.673996646
425 406 22.1985586324
426 407 22.2207115715
427 408 20.3744829301
428 409 20.65248618
429 410 18.9036944385
430 411 18.6665990149
431 412 17.1184814957
432 413 17.5349496569
433 414 16.6460614132
434 415 15.8838047347
435 416 16.6432099297
436 417 18.6091364404
437 418 18.9558871135
438 419 19.6727912078
439 420 18.277619201
440 421 18.3883798165
441 422 19.397271008
442 423 18.86938673
443 424 19.9751277671
444 425 19.6248033851
445 426 17.6958598415
446 427 16.5937384114
447 428 15.0447741827
448 429 14.774361452
449 430 14.6928621637
450 431 15.0087420121
451 432 15.7139153138
452 433 16.8967087616
453 434 18.183818858
454 435 19.4033785219
455 436 20.7240892352
456 437 20.8513681806
457 438 23.2454742189
458 439 23.5001756203
459 440 22.4110028893
460 441 23.8587538464
461 442 22.1661407163
462 443 21.7937498015
463 444 19.8689942733
464 445 18.6673815554
465 446 17.4791184869
466 447 16.0578092053
467 448 15.0438325904
468 449 14.0988756925
469 450 13.2792541814
470 451 13.2136156042
471 452 13.2513108845
472 453 14.2864674444
473 454 15.2475631363
474 455 17.0141862733
475 456 17.7377514731
