1 0 15.4801923164
2 0 15.4801923164
3 0 15.4801923164
4 0 15.4801923164
5 0 15.4801923164
6 1 7.33581777105
7 2 0.321713241871
8 3 0.314875798995
9 4 0.312256372217
10 5 0.305311339598
11 6 0.300417998434
12 7 0.291443238409
13 8 0.286677914409
14 9 0.278090429569
15 10 0.271182688113
16 11 0.266279703157
17 12 0.25732583094
18 13 0.251853128476
19 14 0.247278858476
20 15 0.23890247813
21 16 0.242348086458
22 17 0.246622540979
23 18 0.238751081746
24 19 0.234256615231
25 20 0.241337364787
26 21 0.243376178733
27 22 0.238359504347
28 23 0.243841909338
29 24 0.251691893448
30 25 0.247749102565
31 26 0.245994470224
32 27 0.254689137459
33 28 0.258594445954
34 29 0.253899626701
35 30 0.255791422481
36 31 0.26497410017
37 32 0.264420763666
38 33 0.25981083466
39 34 0.251608942829
40 35 0.243859946596
41 36 0.239590139823
42 37 0.233303203088
43 38 0.240563117552
44 39 0.239931804381
45 40 0.246465618501
46 41 0.246118304074
47 42 0.241654492542
48 43 0.237086193978
49 44 0.227774386066
50 45 0.221419418756
51 46 0.218183793409
52 47 0.209305659055
53 48 0.202930892441
54 49 0.194355593112
55 50 0.186579946052
56 51 0.180976793131
57 52 0.171888172588
58 53 0.17110013782
59 54 0.164049918609
60 55 0.159852445756
61 56 0.152204814744
62 57 0.15750552765
63 58 0.163534421856
64 59 0.161322344568
65 60 0.160072552617
66 61 0.156240906021
67 62 0.150465128015
68 63 0.14803550979
69 64 0.144000042513
70 65 0.135219493317
71 66 0.134718366676
72 67 0.142514008653
73 68 0.143660123418
74 69 0.152956056734
75 70 0.156296790348
76 71 0.165237292969
77 72 0.170624722027
78 73 0.179459913596
79 74 0.183479087661
80 75 0.192154066987
81 76 0.198985298162
82 77 0.20730326378
83 78 0.21352422884
84 79 0.208810300101
85 80 0.201871174831
86 81 0.193501653073
87 82 0.187390663915
88 83 0.178731252412
89 84 0.174212608286
90 85 0.165586880923
91 86 0.161418951439
92 87 0.152163362734
93 88 0.147200163319
94 89 0.139913015749
95 90 0.135691300138
96 91 0.133195303541
97 92 0.128867816111
98 93 0.134012140426
99 94 0.131056050454
100 95 3.19421694244
101 95 3.19421694244
102 95 3.19421694244
103 95 3.19421694244
104 95 3.19421694244
105 96 4.81093176996
106 96 4.81093176996
107 96 4.81093176996
108 96 4.81093176996
109 96 4.81093176996
110 97 10.4101080016
111 97 10.4101080016
112 97 10.4101080016
113 97 10.4101080016
114 97 10.4101080016
115 98 7.95894735936
116 98 7.95894735936
117 98 7.95894735936
118 98 7.95894735936
119 98 7.95894735936
120 99 1.80541368488
121 100 0.180336208294
122 101 0.184582757356
123 102 0.179633144164
124 103 0.176412655113
125 104 0.167486658353
126 105 0.167465193977
127 106 0.169583949267
128 107 0.164701443856
129 108 0.167248246529
130 109 0.164867848264
131 110 0.161682675215
132 111 0.16717595511
133 112 0.166322274557
134 113 0.174459661658
135 114 0.175609705652
136 115 0.184220606164
137 116 0.183356504735
138 117 0.190191463167
139 118 0.18663469146
140 119 0.182941587093
141 120 0.17433228951
142 121 0.171044327882
143 122 0.169370178553
144 123 0.172530444078
145 124 0.181732055476
146 125 0.185580039913
147 126 0.18937354903
148 127 0.1811972865
149 128 0.177175784637
150 129 0.184291229551
151 130 0.185642353313
152 131 0.176666742667
153 132 0.177590270749
154 133 0.185831792912
155 134 0.182507032056
156 135 0.175097734359
157 136 0.180055857198
158 137 0.187194337719
159 138 0.181395437474
160 139 0.1779261308
161 140 0.186291034778
162 141 0.190825484182
163 142 0.183859663955
164 143 0.182304860483
165 144 0.173174621634
166 145 0.170413544301
167 146 0.161259839504
168 147 0.161471604553
169 148 0.163655175337
170 149 0.155613829443
171 150 0.149944524484
172 151 0.143394419556
173 152 0.143528517718
174 153 0.134558718881
175 154 0.131808076773
176 155 0.1236702015
177 156 0.118741986459
178 157 0.113889485383
179 158 0.108963968967
180 159 0.114282392511
181 160 0.112285726724
182 161 0.108593613852
183 162 0.104173117228
184 163 0.111450109564
185 164 0.11475154679
186 165 0.123098128988
187 166 0.127752535631
188 167 0.13338464992
189 168 0.13977863134
190 169 0.144186647435
191 170 0.15335026377
192 171 0.159176273316
193 172 0.153330763741
194 173 10.0498562649
195 173 10.0498562649
196 173 10.0498562649
197 173 10.0498562649
198 173 10.0498562649
199 174 5.98304957791
200 174 5.98304957791
201 174 5.98304957791
202 174 5.98304957791
203 174 5.98304957791
204 175 1.93805824068
205 175 1.93805824068
206 176 0.124710112962
207 177 0.124552595652
208 178 0.132716422834
209 179 0.135071013426
210 180 0.142958296584
211 181 0.14658593442
212 182 0.148852642864
213 183 0.155641700422
214 184 0.156445574493
215 185 0.16348653129
216 186 0.165134525971
217 187 0.174194088077
218 188 0.176530000287
219 189 0.185634960976
220 190 0.188941210764
221 191 0.197531752722
222 192 0.200686806432
223 193 0.210026487258
224 194 0.211248067351
225 195 0.208005736932
226 196 0.200487926242
227 197 0.197077979881
228 198 0.202176553446
229 199 0.19850831648
230 200 0.189818620949
231 201 0.191333658712
232 202 0.195525250661
233 203 0.188523497396
234 204 0.182224544018
235 205 0.186955126978
236 206 0.187054057156
237 207 0.17786460473
238 208 0.175887255641
239 209 0.180506687677
240 210 0.174378991104
241 211 0.16655797758
242 212 0.160602580084
243 213 0.153500895609
244 214 0.145506116999
245 215 0.141687006398
246 216 0.134058707526
247 217 0.126820983086
248 218 0.118179542719
249 219 0.110878815337
250 220 0.110692537783
251 221 0.102102561925
252 222 0.0984413034841
253 223 0.0894219686967
254 224 0.0904753981896
255 225 0.0903833816414
256 226 0.0892331366409
257 227 0.0847793600492
258 228 0.0790598284977
259 229 0.0799811425064
260 230 0.0743383783878
261 231 0.0766347613443
262 232 0.0717977350909
263 233 0.0660579175693
264 234 0.0720495316597
265 235 0.0747109157016
266 236 0.082910074733
267 237 0.0864975288839
268 238 0.0936100364181
269 239 0.0994612948826
270 240 0.0992404638383
271 241 0.105487508685
272 242 0.109697785098
273 243 0.111989198534
274 244 0.120763481565
275 245 0.122792184984
276 246 0.131037838595
277 247 0.133457594492
278 248 0.133686508744
279 249 0.141488177968
280 250 0.145677957279
281 251 0.151487416642
282 252 0.158351457841
283 253 0.166249797164
284 254 0.167646298217
285 255 0.172933736949
286 256 0.179561987427
287 257 0.186618721023
288 258 0.193102289401
289 259 0.199688957385
290 260 0.196199825161
291 261 0.195456931913
292 262 0.201723878658
293 263 0.204652260866
294 264 0.206726881172
295 265 0.214898795456
296 266 0.218758364975
297 267 0.227601888794
298 268 0.232663660285
299 269 0.240786223177
300 270 0.246711348334
301 271 0.255299506804
302 272 0.261446422803
303 273 0.264853801326
304 274 0.274176431401
305 275 0.274088381051
306 276 0.268028224164
307 277 0.272692370475
308 278 0.274706189974
309 279 0.281447128673
310 280 3.85475295411
311 280 3.85475295411
312 280 3.85475295411
313 280 3.85475295411
314 280 3.85475295411
315 281 8.57447576463
316 281 8.57447576463
317 281 8.57447576463
318 281 8.57447576463
319 281 8.57447576463
320 282 5.55209792029
321 282 5.55209792029
322 282 5.55209792029
323 282 5.55209792029
324 282 5.55209792029
325 283 2.86177586845
326 283 2.86177586845
327 284 0.266302143452
328 285 0.257178432133
329 286 0.252755179138
330 287 0.244800716686
331 288 0.238986068317
332 289 0.232026845801
333 290 0.223451823796
334 291 0.223436820152
335 292 0.220967221414
336 293 0.222778560903
337 294 0.222369175887
338 295 0.231466984805
339 296 0.230243256101
340 297 0.222033952573
341 298 0.225526038171
342 299 0.234088932492
343 300 0.233200937813
344 301 0.229932995369
345 302 0.23193328303
346 303 0.225913263728
347 304 0.222887384711
348 305 0.214811035868
349 306 0.213594806141
350 307 0.207009869489
351 308 0.212188232933
352 309 0.209138435911
353 310 0.214433051752
354 311 0.21536224499
355 312 0.221230373269
356 313 0.215660904623
357 314 0.211940375398
358 315 0.203105799149
359 316 0.204936833683
360 317 0.212673713776
361 318 0.21288704017
362 319 0.220775324454
363 320 0.221429957145
364 321 0.230035654873
365 322 0.230793950763
366 323 0.238895367997
367 324 0.245405473083
368 325 0.245289315199
369 326 0.240447221559
370 327 0.246644944969
371 328 0.244994899155
372 329 0.249902695824
373 330 0.243919130135
374 331 0.236688585636
375 332 0.240490153486
376 333 0.242456376102
377 334 0.23365353156
378 335 0.230094064211
379 336 0.235719000298
380 337 0.2328844029
381 338 0.223900628069
382 339 0.224939568315
383 340 0.229171578477
384 341 0.222379374831
385 342 0.215690335982
386 343 0.219666825556
387 344 0.219323452881
388 345 0.210449719133
389 346 0.207159372566
390 347 0.21118725834
391 348 0.210915076872
392 349 0.202118560623
393 350 0.200953676385
394 351 0.192688121409
