1 0 56.7359236569
2 0 56.7359236569
3 0 56.7359236569
4 0 56.7359236569
5 0 56.7359236569
6 1 48.460484943
7 1 48.460484943
8 1 48.460484943
9 1 48.460484943
10 1 48.460484943
11 2 53.8730304104
12 2 53.8730304104
13 2 53.8730304104
14 2 53.8730304104
15 2 53.8730304104
16 3 51.145076472
17 3 51.145076472
18 3 51.145076472
19 3 51.145076472
20 3 51.145076472
21 4 52.7426923716
22 4 52.7426923716
23 4 52.7426923716
24 4 52.7426923716
25 4 52.7426923716
26 5 50.1150808468
27 5 50.1150808468
28 5 50.1150808468
29 5 50.1150808468
30 5 50.1150808468
31 6 51.0799090195
32 6 51.0799090195
33 6 51.0799090195
34 6 51.0799090195
35 6 51.0799090195
36 7 50.7336232819
37 7 50.7336232819
38 7 50.7336232819
39 7 50.7336232819
40 7 50.7336232819
41 8 46.564941832
42 8 46.564941832
43 8 46.564941832
44 8 46.564941832
45 8 46.564941832
46 9 46.3581559298
47 9 46.3581559298
48 9 46.3581559298
49 9 46.3581559298
50 9 46.3581559298
51 10 44.9177235058
52 10 44.9177235058
53 10 44.9177235058
54 10 44.9177235058
55 10 44.9177235058
56 11 44.5728835617
57 11 44.5728835617
58 11 44.5728835617
59 11 44.5728835617
60 11 44.5728835617
61 12 41.0541522349
62 12 41.0541522349
63 12 41.0541522349
64 12 41.0541522349
65 12 41.0541522349
66 13 46.8455180976
67 13 46.8455180976
68 13 46.8455180976
69 13 46.8455180976
70 13 46.8455180976
71 14 47.4320730223
72 14 47.4320730223
73 14 47.4320730223
74 14 47.4320730223
75 14 47.4320730223
76 15 43.887004217
77 15 43.887004217
78 15 43.887004217
79 15 43.887004217
80 15 43.887004217
81 16 44.4693231605
82 16 44.4693231605
83 16 44.4693231605
84 16 44.4693231605
85 16 44.4693231605
86 17 44.3461435575
87 17 44.3461435575
88 17 44.3461435575
89 17 44.3461435575
90 17 44.3461435575
91 18 39.0846028527
92 18 39.0846028527
93 18 39.0846028527
94 18 39.0846028527
95 18 39.0846028527
96 19 36.2654026242
97 19 36.2654026242
98 19 36.2654026242
99 19 36.2654026242
100 19 36.2654026242
101 20 32.8468983118
102 20 32.8468983118
103 20 32.8468983118
104 20 32.8468983118
105 20 32.8468983118
106 21 34.6097563663
107 21 34.6097563663
108 21 34.6097563663
109 21 34.6097563663
110 21 34.6097563663
111 22 34.8157713739
112 22 34.8157713739
113 22 34.8157713739
114 22 34.8157713739
115 22 34.8157713739
116 23 30.3999083727
117 23 30.3999083727
118 23 30.3999083727
119 23 30.3999083727
120 23 30.3999083727
121 24 31.1263738605
122 24 31.1263738605
123 24 31.1263738605
124 24 31.1263738605
125 24 31.1263738605
126 25 26.7038972451
127 26 21.1371134091
128 27 19.6856978392
129 28 20.7685309439
130 29 19.9105049281
131 30 19.6706149469
132 31 21.406254555
133 32 20.6336580142
134 33 19.8929008352
135 34 21.7567870986
136 35 22.4197805173
137 36 23.2627212594
138 37 22.3792078955
139 38 20.4594034946
140 39 19.9764650597
141 40 19.0791390732
142 41 17.7578707886
143 42 17.0877547849
144 43 18.1072212735
145 44 18.368344757
146 45 20.0156112359
147 46 21.012770692
148 47 21.9822287433
149 48 23.5531302624
150 49 25.1328975545
151 50 25.5352485467
152 51 27.415367542
153 52 28.3976270133
154 53 30.1916428899
155 54 30.8316120048
156 55 32.4807659048
157 56 33.422832173
158 57 32.6946603114
159 58 33.3145412039
160 59 32.0613092908
161 60 31.8389554982
162 61 30.1155914322
163 62 29.9360622196
164 63 29.5965332415
165 64 28.3507216659
166 65 27.0351554677
167 66 26.4104312521
168 67 24.8877230369
169 68 24.4577167433
170 69 23.2455326705
171 70 21.608582094
172 71 21.5070896536
173 72 20.0597663289
174 73 20.4309863025
175 74 20.7670866777
176 75 20.388403084
177 76 21.7220563123
178 77 22.6052840911
179 78 24.2816846029
180 79 25.5498348631
181 80 26.3982019801
182 81 27.9183738114
183 82 29.198570042
184 83 28.6226915346
185 84 30.292293496
186 85 31.5523782808
187 86 30.5811299846
188 87 30.9372787384
189 88 32.7335228674
190 89 33.6827280883
191 90 34.6455865995
192 91 34.6894062311
193 92 36.2267861881
194 93 37.6126127768
195 94 37.7756907076
196 95 35.9575330371
197 96 36.5416341302
198 97 38.0849506278
199 98 38.2923078294
200 99 39.0074607763
201 100 39.6182383673
202 101 38.0311886623
203 102 38.0016732823
204 103 37.4388927877
205 104 35.9848726167
206 105 36.6620063561
207 106 36.7988716656
208 107 35.0789515475
209 108 35.8592905048
210 109 37.0121929863
211 110 35.5002162371
212 111 33.6934213528
213 112 32.3058491153
214 113 32.1445498657
215 114 30.3609398274
216 115 29.9178340933
217 116 28.3564278711
218 117 29.2761390028
219 118 29.9235662655
220 119 31.7450300937
221 120 31.7277825471
222 121 31.0414853768
223 122 32.5233933509
224 123 33.8685710261
225 124 33.1378069928
226 125 33.1345203749
227 126 34.9946176342
228 127 35.2927497368
229 128 34.2581029852
230 129 35.312266026
231 130 36.8753673726
232 131 36.2764197568
233 132 36.3651667044
234 133 34.6720704487
235 134 33.2510960309
236 135 31.8582391003
237 136 30.0513426364
238 137 28.3566030811
239 138 26.7289230134
240 139 25.3762124412
241 140 23.4940543312
242 141 21.8094419901
243 142 20.0214193455
244 143 18.8265917029
245 144 18.499754787
246 145 18.7340016269
247 146 17.8114178624
248 147 19.3125704543
249 148 20.5203595241
250 149 22.0737824096
251 150 23.9673486979
252 151 24.4073309665
253 152 26.3110141772
254 153 27.7859967623
255 154 29.3437003139
256 155 31.0244158829
257 156 32.7452149983
258 157 34.4890152429
259 158 36.0094556548
260 159 36.4037492375
261 160 34.7211212737
262 161 32.818403494
263 162 31.527044526
264 163 29.6862164186
265 164 28.6708238347
266 165 27.0058858577
267 166 26.0680962036
268 167 24.4958565604
269 168 25.492056909
270 169 26.746063485
271 170 25.5081946948
272 171 26.1567258873
273 172 28.0424680887
274 173 28.300135388
275 174 28.5108577714
276 175 30.3920061978
277 176 30.6818101805
278 177 30.5917462538
279 178 32.482560085
280 179 32.7986000795
281 180 31.1743104167
282 181 31.5926347187
283 182 33.5151269903
284 183 33.789218236
285 184 35.4805604633
286 185 34.5714011632
287 186 33.5742348159
288 187 31.8789261179
289 188 31.4815153343
290 189 29.636767502
291 190 28.8886946059
292 191 27.190642744
293 192 26.936471035
294 193 25.3262375259
295 194 24.2691348751
296 195 25.7145544007
297 196 26.0477570421
298 197 24.1886387269
299 198 24.0989388848
300 199 25.8185609954
301 200 25.4003924045
302 201 23.5416081361
303 202 23.955668513
304 203 25.7969027179
305 204 26.2847387833
306 205 27.6927958464
307 206 28.337116201
308 207 29.4950002785
309 208 30.9749321774
310 209 32.1181769347
311 210 30.8392702876
312 211 31.3095300712
313 212 29.8179647304
314 213 30.4648498744
315 214 28.7782561664
316 215 28.9871063319
317 216 30.8412150865
318 217 30.4545837321
319 218 29.2163344943
320 219 30.4464963806
321 220 31.8642323023
322 221 30.5802220968
323 222 30.9579264916
324 223 29.9280244025
325 224 28.8711680988
326 225 28.5556495353
327 226 28.0621569421
328 227 29.1004459627
329 228 29.2130674316
330 229 30.0058311134
331 230 31.2815326923
332 231 31.7798124479
333 232 32.1002879017
334 233 33.1969169911
335 234 34.1693515552
336 235 34.1649752453
337 236 34.1416072897
338 237 32.6885216551
339 238 31.2509569567
340 239 29.5164776417
341 240 27.995808716
342 241 26.1317251281
343 242 25.7772466589
344 243 25.2048039694
345 244 24.2224705383
346 245 22.6431828381
347 246 23.3601192736
348 247 22.6753277708
349 248 23.999801769
350 249 23.0702255705
351 250 23.6631318525
352 251 24.9229832161
353 252 26.2369989166
354 253 26.6988477825
355 254 27.2263444368
356 255 29.1222132417
357 256 28.7578605778
358 257 27.5037389562
359 258 28.8140460857
360 259 30.141779127
361 260 28.9625829081
362 261 28.6182394635
363 262 30.5290839585
364 263 30.8604063542
365 264 29.7849460128
366 265 31.1502711825
367 266 32.7380557222
368 267 33.3090423849
369 268 32.5239281319
370 269 34.0489390972
371 270 35.1581863335
372 271 33.7574426785
373 272 33.7004859326
374 273 35.6211460185
375 274 35.4618977286
376 275 33.8579573336
377 276 34.5980045751
378 277 36.2495253753
379 278 35.2905028938
380 279 34.1863862517
381 280 35.7792848235
382 281 36.5702343678
383 282 35.0041467613
384 283 34.7298347482
385 284 32.9612504917
386 285 33.3417945688
387 286 32.7483928836
388 287 30.9330741566
389 288 30.8245682827
390 289 31.424909812
391 290 30.1503899364
392 291 28.6710826982
393 292 29.2550613948
394 293 29.3716323196
395 294 27.5460752502
396 295 26.968901878
397 296 27.8509559145
398 297 27.062087312
399 298 25.236551809
400 299 24.2298160643
401 300 22.739863453
402 301 21.24626022
403 302 19.4403853194
404 303 18.0310460571
405 304 17.5467142764
406 305 19.2343685501
407 306 19.4012896981
408 307 19.9791760761
409 308 18.5546015064
410 309 19.3677213618
411 310 19.8158702333
412 311 21.7220957925
413 312 23.1679877718
414 313 23.939537028
415 314 22.5572336024
416 315 21.6312301018
417 316 19.8716057645
418 317 18.8709448299
419 318 18.1702933934
420 319 16.629663739
421 320 17.4391911315
422 321 15.7219009429
423 322 14.1794615166
424 323 13.7643342637
425 324 13.036917001
426 325 11.1368367437
427 326 10.434250017
428 327 12.1506399707
429 328 12.8742101996
430 329 13.5547149737
431 330 11.8919927381
432 331 11.9355078511
433 332 10.6692434106
434 333 9.39761858658
435 334 7.68216841988
436 335 6.51669341729
437 336 5.28325592173
438 337 6.55915841256
439 338 7.64129314204
440 339 7.08257847752
441 340 7.16973175121
442 341 8.94189381898
443 342 9.52511160614
444 343 8.89612140258
445 344 9.70353386749
446 345 11.3229194739
447 346 11.4413028827
448 347 10.8345130833
449 348 12.1959834533
450 349 13.5404997877
451 350 13.1967833917
452 351 13.0645218831
453 352 14.7292184127
454 353 15.6137725808
455 354 14.9135942463
456 355 15.408950913
457 356 17.0193587256
458 357 16.6634748892
459 358 16.707194338
460 359 15.0423015463
461 360 15.5520798298
462 361 15.8229464659
463 362 14.005602573
464 363 13.2549423384
465 364 14.2791936061
466 365 13.45804382
467 366 13.5345787775
468 367 12.4280955311
469 368 11.252171109
470 369 11.1746227789
471 370 11.0678581134
472 371 9.44697690619
473 372 8.68392082756
474 373 9.3086670641
475 374 8.85616040138
476 375 7.23195216702
477 376 7.24880790016
478 377 5.57047200552
479 378 5.92552940772
480 379 7.23502005431
481 380 8.28730198328
482 381 8.38981154049
483 382 8.91492491414
484 383 10.2745676181
485 384 11.0370777117
486 385 11.2477997876
487 386 12.9213651148
488 387 13.5201642317
489 388 13.5660126967
490 389 12.7518667518
491 390 13.394745942
492 391 13.137048555
493 392 12.309349543
494 393 10.9946594978
495 394 10.7249128311
496 395 10.4403526367
497 396 9.32827746235
498 397 8.39102338459
499 398 6.66004971037
500 399 7.15491453092
501 400 7.59595496922
502 401 6.16048774338
503 402 5.04826459813
504 403 6.0707993091
505 404 5.73072590247
506 405 4.02509970343
507 406 3.89905904593
508 407 4.58797932418
509 408 3.71181086123
510 409 2.31961121794
511 410 2.91221885744
512 411 2.82888742913
513 412 2.17580223312
514 413 2.01926142252
515 414 2.54752473658
516 415 1.90720591653
517 416 0.768371924996
518 416 0.768371924996
519 416 0.768371924996
520 416 0.768371924996
521 416 0.768371924996
522 417 3.39164913358
523 417 3.39164913358
524 417 3.39164913358
525 417 3.39164913358
526 417 3.39164913358
527 418 5.8225663687
528 418 5.8225663687
529 418 5.8225663687
530 418 5.8225663687
531 418 5.8225663687
532 419 0.219236604543
533 420 0.227254987388
534 421 0.233962116443
535 422 0.239579073169
536 423 0.232657899916
537 424 0.228251604403
538 425 0.231828601734
539 426 0.232513259502
540 427 0.225098247944
541 428 0.220092148546
542 429 0.222957051521
543 430 0.220941640648
544 431 0.212514116081
545 432 0.211193461316
546 433 0.214433105422
547 434 0.208385400109
548 435 0.200665195047
549 436 0.203350996845
550 437 0.204390559381
551 438 0.195738732389
552 439 0.192281348614
553 440 0.197258813438
554 441 0.194767307531
555 442 0.185721695139
556 443 0.184967791686
557 444 0.187184312632
558 445 1.49965624281
559 445 1.49965624281
560 445 1.49965624281
561 445 1.49965624281
562 445 1.49965624281
563 446 3.17531527349
564 446 3.17531527349
565 447 0.180030205062
566 448 0.185122188138
567 449 0.182907187208
568 450 0.183262139834
569 451 0.181519805279
570 452 0.172756436935
571 453 0.173646815535
572 454 0.179934486934
573 455 0.185134500025
574 456 0.191875907764
575 457 0.192934130917
576 458 0.192319878566
577 459 0.198296417835
578 460 0.204481482682
579 461 0.213032734827
580 462 0.217653970171
581 463 0.222861459793
582 464 0.228537747757
583 465 0.231870577729
584 466 0.239077822455
585 467 0.2395877688
586 468 0.248015127018
587 469 0.251911573797
588 470 0.247603901771
589 471 0.23938231551
590 472 0.236844063105
591 473 0.233367582036
592 474 0.238346181786
593 475 0.235014797504
594 476 0.2390399119
595 477 0.240101798892
596 478 0.236062413419
597 479 0.243768320046
598 480 0.248604137257
599 481 0.243204822865
600 482 0.244061868575
601 483 0.253400307
602 484 0.253051991982
603 485 0.248767206201
604 486 0.254719337014
605 487 0.262169905624
606 488 0.25942601526
607 489 0.258223359387
608 490 0.267050653757
609 491 0.2701723417
610 492 0.265863289271
611 493 0.26862199101
612 494 0.277154020066
613 495 0.279483148539
614 496 0.27805671954
615 497 0.287248086396
616 498 0.291743480944
617 499 0.290499646853
618 500 0.298443505327
619 501 0.298665162728
620 502 4.78039543339
621 502 4.78039543339
622 502 4.78039543339
623 502 4.78039543339
624 502 4.78039543339
625 503 6.57775959312
626 503 6.57775959312
627 503 6.57775959312
628 503 6.57775959312
629 503 6.57775959312
630 504 5.46665670918
631 504 5.46665670918
632 504 5.46665670918
633 504 5.46665670918
634 504 5.46665670918
635 505 11.8513374571
636 505 11.8513374571
637 505 11.8513374571
638 505 11.8513374571
639 505 11.8513374571
640 506 13.6855982364
641 506 13.6855982364
642 506 13.6855982364
643 506 13.6855982364
644 506 13.6855982364
645 507 10.3545368103
646 507 10.3545368103
647 507 10.3545368103
648 507 10.3545368103
649 507 10.3545368103
650 508 8.33598041461
651 508 8.33598041461
652 508 8.33598041461
653 508 8.33598041461
654 508 8.33598041461
655 509 4.80645573833
656 509 4.80645573833
657 509 4.80645573833
658 509 4.80645573833
659 509 4.80645573833
660 510 3.16240929591
661 510 3.16240929591
662 510 3.16240929591
663 510 3.16240929591
664 510 3.16240929591
665 511 9.47956676018
666 511 9.47956676018
667 511 9.47956676018
668 511 9.47956676018
669 511 9.47956676018
670 512 8.79660210489
671 512 8.79660210489
672 512 8.79660210489
673 512 8.79660210489
674 512 8.79660210489
675 513 12.6856516669
676 513 12.6856516669
677 513 12.6856516669
678 513 12.6856516669
679 513 12.6856516669
680 514 9.74944418991
681 514 9.74944418991
682 514 9.74944418991
683 514 9.74944418991
684 514 9.74944418991
685 515 13.017941572
686 515 13.017941572
687 515 13.017941572
688 515 13.017941572
689 515 13.017941572
690 516 10.3260675997
691 516 10.3260675997
692 516 10.3260675997
693 516 10.3260675997
694 516 10.3260675997
695 517 12.5974726842
696 517 12.5974726842
697 517 12.5974726842
698 517 12.5974726842
699 517 12.5974726842
700 518 12.1651206805
701 518 12.1651206805
702 518 12.1651206805
703 518 12.1651206805
704 518 12.1651206805
705 519 10.1240074254
706 519 10.1240074254
707 519 10.1240074254
708 519 10.1240074254
709 519 10.1240074254
710 520 9.92416938989
711 520 9.92416938989
712 520 9.92416938989
713 520 9.92416938989
714 520 9.92416938989
715 521 12.685804108
716 521 12.685804108
717 521 12.685804108
718 521 12.685804108
719 521 12.685804108
720 522 4.26812971445
721 522 4.26812971445
722 522 4.26812971445
723 522 4.26812971445
724 522 4.26812971445
725 523 2.63354028565
726 523 2.63354028565
727 523 2.63354028565
728 523 2.63354028565
729 523 2.63354028565
730 524 2.96499018316
731 524 2.96499018316
732 524 2.96499018316
733 524 2.96499018316
