1 0 0.0720889648412
2 1 0.0717751504063
3 2 0.0643482674099
4 3 0.0693692442743
5 4 0.0727456790254
6 5 0.0811083274016
7 6 0.0829060757059
8 7 0.0771810535507
9 8 0.0769228031296
10 9 0.0819388246495
11 10 0.0884133688733
12 11 0.0874603694711
13 12 0.0875420212731
14 13 0.0833340611974
15 14 0.0897619276456
16 15 0.0910966803385
17 16 0.0986659749333
18 17 0.0994839106511
19 18 0.101681277342
20 19 0.110762977259
21 20 0.111934231407
22 21 0.116177286877
23 22 0.112789391432
24 23 0.116465985197
25 24 0.125122285474
26 25 0.129547889573
27 26 0.137469880534
28 27 0.142039431035
29 28 0.150889950173
30 29 0.155293674467
31 30 0.147558151269
32 31 0.151603062433
33 32 0.160429150396
34 33 0.161388672525
35 34 0.15850140989
36 35 0.162723116965
37 36 0.169367385074
38 37 0.162836267885
39 38 0.153615100298
40 39 0.146292118911
41 40 0.137245717465
42 41 0.132164426275
43 42 0.12378126874
44 43 0.120668871577
45 44 0.111618347086
46 45 0.10812756954
47 46 0.115624737643
48 47 0.121097192468
49 48 0.129618167547
50 49 0.136740432652
51 50 0.144962411637
52 51 0.152854832889
53 52 0.161403824173
54 53 0.167816413791
55 54 0.176486289325
56 55 0.182610095958
57 56 0.185871238583
58 57 0.190943932176
59 58 0.187682188542
60 59 0.185719328463
61 60 0.190715849878
62 61 0.19879122662
63 62 0.197166688372
64 63 0.190192744768
65 64 0.195071640698
66 65 0.196806536145
67 66 0.204619700364
68 67 0.20162539456
69 68 0.193012709544
70 69 0.186849067063
71 70 0.180630534019
72 71 0.171823826971
73 72 0.165073720334
74 73 0.155841665434
75 74 0.149716320673
76 75 0.140627008007
77 76 0.135235731212
78 77 0.126443439644
79 78 0.122214669969
80 79 0.115681357342
81 80 0.109670936492
82 81 0.111400619536
83 82 0.103542939991
84 83 0.0948152958237
85 84 0.0958273700984
86 85 0.10303564046
87 86 0.10949231981
88 87 0.11255138503
89 88 0.121164346271
90 89 0.127197262826
91 90 0.12962126072
92 91 0.138449283491
93 92 0.142227330678
94 93 0.135347310339
95 94 0.138571370487
96 95 0.132414463407
97 96 0.136337429628
98 97 0.145065030758
99 98 0.143195924549
100 99 0.140142689236
101 100 0.147789610622
102 101 0.15315295686
103 102 0.148731353215
104 103 0.150425466076
105 104 0.159365161799
106 105 0.1604631099
107 106 0.157038858095
108 107 0.162949321032
109 108 0.170433835032
110 109 0.171120396334
111 110 0.169854624217
112 111 0.173960041748
113 112 0.183248980492
114 113 0.184816605889
115 114 0.193420927276
116 115 0.196451311737
117 116 0.193799170761
118 117 0.198613165
119 118 0.198847723796
120 119 0.190851623272
121 120 0.181821772852
122 121 0.174098451461
123 122 0.166536126232
124 123 0.158148175717
125 124 0.151081506497
126 125 0.142375163756
127 126 0.134478030834
128 127 0.126398323308
129 128 0.120315651589
130 129 0.113246479227
131 130 0.111467826034
132 131 0.105766446843
133 132 0.108722961467
134 133 0.116768774033
135 134 0.121540985647
136 135 0.128610724908
137 136 0.129814488761
138 137 0.129661156833
139 138 0.135799126905
140 139 0.141623671626
141 140 0.141268246252
142 141 0.142344858686
143 142 0.150151927615
144 143 0.153836836087
145 144 0.152778813174
146 145 0.155567032537
147 146 0.163174018756
148 147 0.165728134803
149 148 0.164561652202
150 149 0.170326234633
151 150 0.176931486417
152 151 0.177321359338
153 152 0.180587488935
154 153 0.174887406144
155 154 0.174947806886
156 155 0.166723657303
157 156 0.158116304003
158 157 0.151771248528
159 158 0.143104875931
160 159 0.135676462149
161 160 0.127185431114
162 161 0.11950048917
163 162 0.113911802461
164 163 0.105646324239
165 164 0.101220156287
166 165 0.0921281905052
167 166 0.0896831404573
168 167 0.0936760145617
169 168 0.0954794695933
170 169 0.10361869802
171 170 0.1036089789
172 171 0.111525514436
173 172 0.112743597772
174 173 0.105840292342
175 174 0.101936935988
176 175 0.0989561107254
177 176 0.0905355830702
178 177 0.0937172078202
179 178 0.100065151238
180 179 0.0940123798966
181 180 0.0888553751079
182 181 0.0952528338811
183 182 0.103871506986
184 183 0.11031752437
185 184 0.11897385267
186 185 0.125610706928
187 186 0.132898047833
188 187 0.141290212491
189 188 0.145419551445
190 189 0.154498484996
191 190 0.156538450798
192 191 0.154013543881
193 192 0.154888564403
194 193 0.148832880353
195 194 0.152577493756
196 195 0.147487998841
197 196 0.151304548504
198 197 0.143539037423
199 198 0.136777296766
200 199 0.130574123713
201 200 0.123145237521
202 201 0.119701105141
203 202 0.111458075361
204 203 0.108453463991
205 204 0.108987781589
206 205 0.107420340004
207 206 0.115251570598
208 207 0.111921887733
209 208 0.110163168605
210 209 0.118043652805
211 210 0.123520823797
212 211 0.118244868233
213 212 0.117134940869
214 213 0.126335903726
215 214 0.127314817871
216 215 0.1217372427
217 216 0.125701231063
218 217 0.13434194024
219 218 0.132376215794
220 219 0.128085240142
221 220 0.134958247456
222 221 0.141018036975
223 222 0.136320563342
224 223 0.1363356709
225 224 0.145556770484
226 225 0.146396398371
227 226 0.141283038561
228 227 0.146194582036
229 228 0.15413224977
230 229 0.151567271207
231 230 0.148992347934
232 231 0.156827678687
233 232 0.162555795372
234 233 0.157950733504
235 234 0.159083117917
236 235 0.167975359987
237 236 0.169760736529
238 237 0.165520670455
239 238 0.170733966622
240 239 0.178940986674
241 240 0.178666203767
242 241 0.176618740312
243 242 5.36126503357
244 242 5.36126503357
245 242 5.36126503357
246 242 5.36126503357
247 242 5.36126503357
248 243 11.3468171111
249 243 11.3468171111
250 243 11.3468171111
251 243 11.3468171111
252 243 11.3468171111
253 244 22.7121039798
254 244 22.7121039798
255 244 22.7121039798
256 244 22.7121039798
257 244 22.7121039798
258 245 22.1602026608
259 245 22.1602026608
260 245 22.1602026608
261 245 22.1602026608
262 245 22.1602026608
263 246 29.4859349152
264 246 29.4859349152
265 246 29.4859349152
