1 0 61.7333662557
2 0 61.7333662557
3 0 61.7333662557
4 0 61.7333662557
5 0 61.7333662557
6 1 60.9569659711
7 1 60.9569659711
8 1 60.9569659711
9 1 60.9569659711
10 1 60.9569659711
11 2 54.8754474059
12 2 54.8754474059
13 2 54.8754474059
14 2 54.8754474059
15 2 54.8754474059
16 3 53.8590717691
17 3 53.8590717691
18 3 53.8590717691
19 3 53.8590717691
20 3 53.8590717691
21 4 49.1355795838
22 4 49.1355795838
23 4 49.1355795838
24 4 49.1355795838
25 4 49.1355795838
26 5 55.2654631724
27 5 55.2654631724
28 5 55.2654631724
29 5 55.2654631724
30 5 55.2654631724
31 6 53.8723648399
32 6 53.8723648399
33 6 53.8723648399
34 6 53.8723648399
35 6 53.8723648399
36 7 48.9805535607
37 7 48.9805535607
38 7 48.9805535607
39 7 48.9805535607
40 7 48.9805535607
41 8 42.1760738145
42 8 42.1760738145
43 8 42.1760738145
44 8 42.1760738145
45 8 42.1760738145
46 9 42.4023241024
47 9 42.4023241024
48 9 42.4023241024
49 9 42.4023241024
50 9 42.4023241024
51 10 45.4722529784
52 10 45.4722529784
53 10 45.4722529784
54 10 45.4722529784
55 10 45.4722529784
56 11 44.2704699545
57 11 44.2704699545
58 11 44.2704699545
59 11 44.2704699545
60 11 44.2704699545
61 12 47.0991295633
62 12 47.0991295633
63 12 47.0991295633
64 12 47.0991295633
65 12 47.0991295633
66 13 45.8812522891
67 13 45.8812522891
68 13 45.8812522891
69 13 45.8812522891
70 13 45.8812522891
71 14 46.3044171193
72 14 46.3044171193
73 14 46.3044171193
74 14 46.3044171193
75 14 46.3044171193
76 15 43.7674437901
77 15 43.7674437901
78 15 43.7674437901
79 15 43.7674437901
80 15 43.7674437901
81 16 35.9051116086
82 16 35.9051116086
83 16 35.9051116086
84 16 35.9051116086
85 16 35.9051116086
86 17 31.6842376969
87 17 31.6842376969
88 17 31.6842376969
89 17 31.6842376969
90 17 31.6842376969
91 18 28.6562473807
92 18 28.6562473807
93 18 28.6562473807
94 18 28.6562473807
95 18 28.6562473807
96 19 34.0058770149
97 19 34.0058770149
98 19 34.0058770149
99 19 34.0058770149
100 19 34.0058770149
101 20 33.1987270284
102 20 33.1987270284
103 20 33.1987270284
104 20 33.1987270284
105 20 33.1987270284
106 21 28.8496323518
107 21 28.8496323518
108 21 28.8496323518
109 21 28.8496323518
110 21 28.8496323518
111 22 29.8051618982
112 22 29.8051618982
113 22 29.8051618982
114 22 29.8051618982
115 22 29.8051618982
116 23 21.1816377817
117 23 21.1816377817
118 23 21.1816377817
119 23 21.1816377817
120 23 21.1816377817
121 24 13.1023262501
122 24 13.1023262501
123 24 13.1023262501
124 24 13.1023262501
125 24 13.1023262501
126 25 10.8034374417
127 25 10.8034374417
128 25 10.8034374417
129 25 10.8034374417
130 25 10.8034374417
131 26 18.1131198627
132 26 18.1131198627
133 26 18.1131198627
134 26 18.1131198627
135 26 18.1131198627
136 27 10.9017470998
137 27 10.9017470998
138 27 10.9017470998
139 27 10.9017470998
140 27 10.9017470998
141 28 9.99841735178
142 28 9.99841735178
143 28 9.99841735178
144 28 9.99841735178
145 28 9.99841735178
146 29 15.9648233776
147 29 15.9648233776
148 29 15.9648233776
149 29 15.9648233776
150 29 15.9648233776
151 30 21.4730901701
152 30 21.4730901701
153 30 21.4730901701
154 30 21.4730901701
155 30 21.4730901701
156 31 23.7087621774
157 31 23.7087621774
158 31 23.7087621774
159 31 23.7087621774
160 31 23.7087621774
161 32 22.029535758
162 32 22.029535758
163 32 22.029535758
164 32 22.029535758
165 32 22.029535758
166 33 23.0682776623
167 33 23.0682776623
168 33 23.0682776623
169 33 23.0682776623
170 33 23.0682776623
171 34 24.2963321887
172 34 24.2963321887
173 34 24.2963321887
174 34 24.2963321887
175 34 24.2963321887
176 35 24.1712535156
177 35 24.1712535156
178 35 24.1712535156
179 35 24.1712535156
180 35 24.1712535156
181 36 19.2587110914
182 36 19.2587110914
183 36 19.2587110914
184 36 19.2587110914
185 36 19.2587110914
186 37 13.661382223
