1 0 0.241549732676
2 1 0.246151854829
3 2 0.251006494518
4 3 0.244627430032
5 4 0.246774807956
6 5 0.241444541015
7 6 0.242047272673
8 7 0.247436610449
9 8 0.252453179189
10 9 0.261826893412
11 10 0.265860969373
12 11 0.271352305089
13 12 0.278031043952
14 13 0.285077129757
15 14 0.28718318819
16 15 0.296033009905
17 16 0.292978065452
18 17 0.290872340484
19 18 0.281910448388
20 19 0.277034392659
21 20 0.268115110793
22 21 0.261180379628
23 22 0.251760048056
24 23 0.248201446775
25 24 0.25591928612
26 25 0.255999973435
27 26 0.263078478266
28 27 0.260210207573
29 28 0.262896686852
30 29 0.263355025506
31 30 0.26748938279
32 31 0.271885879389
33 32 0.269265991924
34 33 0.266682158509
35 34 0.258546582485
36 35 0.251969718867
37 36 0.243600116694
38 37 0.239341590562
39 38 0.236373531647
40 39 0.239506332238
41 40 0.247129505487
42 41 0.25558990905
43 42 0.26148213056
44 43 0.270639671945
45 44 0.276639483867
46 45 0.28426306614
47 46 0.292547886892
48 47 0.299059233306
49 48 0.293354707295
50 49 0.29973074609
51 50 0.300003521303
52 51 0.2911044432
53 52 0.28390242564
54 53 0.275191245287
55 54 0.268353675489
56 55 0.259145887272
57 56 0.250797521612
58 57 0.244966519503
59 58 0.236455621874
60 59 0.227907777456
61 60 0.224700146898
62 61 0.219818818774
63 62 0.220932008481
64 63 0.228662661056
65 64 0.23480589025
66 65 0.240991305842
67 66 0.249929111724
68 67 0.25752871181
69 68 0.260311919095
70 69 0.251863955631
71 70 0.248459566933
72 71 0.239573484399
73 72 0.232748723599
74 73 0.228921214832
75 74 0.222682935272
76 75 0.223854261186
77 76 0.21657410527
78 77 0.219959812529
79 78 0.22681596108
80 79 0.230527764807
81 80 0.237446589461
82 81 0.244887144404
83 82 0.241221081454
84 83 0.234231425908
85 84 0.227556146303
86 85 0.226933767929
87 86 0.221482171393
88 87 0.225308975152
89 88 0.2175587601
90 89 0.208738191709
91 90 0.20724852548
92 91 0.216527603795
93 92 0.221582276012
94 93 0.224274777027
95 94 0.233177501495
96 95 0.238310351001
97 96 0.243019757437
98 97 0.249121810711
99 98 0.250509023818
100 99 0.25965129469
101 100 0.258426765516
102 101 0.259217185451
103 102 0.266403428212
104 103 0.270184060183
105 104 0.26559272459
106 105 0.266737456036
107 106 0.263023707699
108 107 0.261417093797
109 108 0.256942417828
110 109 0.249637047899
111 110 0.247217473914
112 111 0.240739647719
113 112 0.235132824209
114 113 0.226152185108
115 114 0.219305100025
116 115 0.215726625934
117 116 0.223808580907
118 117 0.226906558744
119 118 0.235664174648
120 119 0.241421629509
121 120 0.246976976949
122 121 0.252672442196
123 122 0.251290980871
124 123 0.258646779099
125 124 0.25642098814
126 125 0.250426194191
127 126 0.25094168315
128 127 0.24525817784
129 128 0.242042160704
130 129 0.24189961069
131 130 0.238071762776
132 131 0.242637795053
133 132 0.246908214656
134 133 0.24792175087
135 134 0.253749463858
136 135 0.253793423466
137 136 0.263081927765
138 137 0.271239536611
139 138 0.274225531822
140 139 0.283285171069
141 140 0.28396865296
142 141 0.277137893168
143 142 0.273733361375
144 143 0.265100698531
145 144 0.265216301888
146 145 0.257704533934
147 146 0.252785856264
148 147 0.246902756498
149 148 0.238826529462
150 149 0.233872731247
151 150 0.230158997812
152 151 0.221608383951
153 152 0.2199278363
154 153 0.214224065689
155 154 0.215861930888
156 155 0.213738203085
157 156 0.212372578085
158 157 0.217507575414
159 158 0.220650306674
160 159 0.229438727089
161 160 0.232713620267
162 161 0.229354545194
163 162 0.233132974377
164 163 0.241402124158
165 164 0.241781786953
166 165 0.239696227306
167 166 0.246730466938
168 167 0.253726783059
169 168 0.251966024967
170 169 0.254301538335
171 170 0.25047378134
172 171 0.241945262052
173 172 0.237767875484
174 173 0.231569984504
175 174 0.236937571122
176 175 0.239239453984
177 176 0.230500778927
178 177 0.228027438087
179 178 0.235446049116
180 179 0.232557652735
181 180 0.224793844294
182 181 0.22759603544
183 182 0.234360726276
184 183 0.233278102014
185 184 0.237857570086
186 185 0.236100298783
187 186 0.23799363142
188 187 0.23784111888
189 188 0.23666441338
190 189 0.238744968208
191 190 0.231177192675
192 191 0.225807331141
193 192 0.224314659833
194 193 0.225839547228
195 194 0.226111855271
196 195 0.224698361725
197 196 0.225454093866
198 197 0.22544780024
199 198 0.225774968299
200 199 0.216616006603
201 200 0.209649122418
202 201 0.205785914652
203 202 0.21371421433
204 203 0.214532357446
205 204 0.205647777544
206 205 0.207478703936
207 206 0.215010714524
208 207 0.209932632815
209 208 0.203735570556
210 209 0.210541118089
211 210 0.215522720828
212 211 0.207731250834
213 212 0.205558653808
214 213 0.214455521915
215 214 0.215316014374
216 215 0.207670286874
217 216 0.210175956438
218 217 0.219402266338
219 218 0.220900858538
220 219 0.228239878703
221 220 0.226642598039
222 221 0.218381017786
223 222 0.220735979744
224 223 0.221596727155
225 224 0.212918829387
226 225 0.209139533935
227 226 0.213548475311
228 227 0.2106684696
229 228 0.20151785659
230 229 0.202291550778
231 230 0.206737093354
232 231 0.200802453764
233 232 0.193182306365
234 233 0.196341642392
235 234 0.196991475347
236 235 0.187735462649
237 236 5.14582421591
238 236 5.14582421591
239 236 5.14582421591
240 236 5.14582421591
