1 0 0.251130009045
2 1 0.246345616313
3 2 0.23762959478
4 3 0.235114874189
5 4 0.231808193267
6 5 0.223403204904
7 6 0.222114377092
8 7 0.217177666004
9 8 0.222229452205
10 9 0.216055052327
11 10 0.209717257679
12 11 0.201637089624
13 12 0.197090934468
14 13 0.193436102566
15 14 0.198927130678
16 15 0.202809326652
17 16 0.212157683207
18 17 0.215590702179
19 18 0.214583652627
20 19 0.219048638273
21 20 0.225553180731
22 21 0.229465995552
23 22 0.235884447299
24 23 0.24101681329
25 24 0.247513575279
26 25 0.256173750955
27 26 0.264124183137
28 27 0.260247827523
29 28 0.257669142273
30 29 0.249304628221
31 30 0.249280504392
32 31 0.242794162616
33 32 0.239032354064
34 33 0.235622578763
35 34 0.2298792768
36 35 0.228685124416
37 36 0.221552523159
38 37 0.225569446984
39 38 0.222320065331
40 39 0.21509143445
41 40 0.212837241448
42 41 0.208511731881
43 42 0.207544999369
44 43 0.198515238469
45 44 0.194871082254
46 45 0.18880157944
47 46 0.183497695521
48 47 0.182615286923
49 48 0.180675336433
50 49 0.179554101117
51 50 0.188560796414
52 51 0.191512692279
53 52 0.1982872834
54 53 0.203342176952
55 54 0.206308655557
56 55 0.210768684396
57 56 0.204774358268
58 57 0.20710124
59 58 0.203052668577
60 59 0.206608527112
61 60 0.207481986259
62 61 0.216264800454
63 62 0.223048444028
64 63 0.225039489073
65 64 0.233619841801
66 65 0.237787610614
67 66 0.24558916576
68 67 0.250201080757
69 68 0.251873643489
70 69 0.255655550848
71 70 0.25895492752
72 71 6.374620535
73 71 6.374620535
74 71 6.374620535
75 71 6.374620535
76 71 6.374620535
77 72 8.40303438589
78 72 8.40303438589
79 72 8.40303438589
80 72 8.40303438589
81 72 8.40303438589
82 73 9.55042804383
83 73 9.55042804383
84 73 9.55042804383
85 73 9.55042804383
86 73 9.55042804383
87 74 7.57165311539
88 74 7.57165311539
89 74 7.57165311539
90 74 7.57165311539
91 74 7.57165311539
92 75 1.33725063699
93 75 1.33725063699
94 75 1.33725063699
95 75 1.33725063699
96 75 1.33725063699
97 76 7.62261800143
98 76 7.62261800143
99 77 0.262471757079
100 78 0.262689216005
101 79 0.256545940582
102 80 0.256916304073
103 81 0.250358192797
104 82 0.249927811011
105 83 0.244716586332
106 84 0.240248382281
107 85 0.235955812497
108 86 0.228383704812
109 87 0.2255162182
110 88 0.221135470063
111 89 0.224782700099
112 90 0.219937191793
113 91 0.223181551343
114 92 6.7636207223
115 92 6.7636207223
116 92 6.7636207223
117 92 6.7636207223
118 92 6.7636207223
119 93 2.49300273293
120 93 2.49300273293
121 93 2.49300273293
122 93 2.49300273293
123 93 2.49300273293
124 94 5.99685507104
125 94 5.99685507104
126 95 0.227008655298
127 96 0.220575575749
128 97 0.221521793421
129 98 0.214417424204
130 99 0.218367225202
131 100 0.226217671473
132 101 0.222782885581
133 102 0.229482094168
134 103 0.23175211542
135 104 0.238575229503
136 105 0.246918050991
137 106 0.244172633636
138 107 0.248589394193
139 108 0.243286561296
140 109 0.244259989631
141 110 0.239922014446
142 111 0.238783240878
143 112 0.239459031357
144 113 0.231454497817
145 114 0.233030139013
146 115 0.240396114265
147 116 0.240003598233
148 117 0.246555196175
149 118 0.246848328505
150 119 0.243491956936
151 120 0.241920505694
152 121 0.23347085953
153 122 0.233573991224
154 123 0.228013257393
155 124 0.230211909806
156 125 0.231157990018
157 126 0.235158697266
158 127 0.237935051077
159 128 0.245950377219
160 129 0.244960189632
161 130 0.250872010015
162 131 0.256664908071
163 132 7.87600549039
164 132 7.87600549039
165 132 7.87600549039
166 132 7.87600549039
167 132 7.87600549039
168 133 3.96499195357
169 133 3.96499195357
170 133 3.96499195357
171 133 3.96499195357
172 133 3.96499195357
173 134 2.99399388711
174 134 2.99399388711
175 134 2.99399388711
176 134 2.99399388711
177 134 2.99399388711
178 135 4.65693769809
179 135 4.65693769809
180 135 4.65693769809
181 135 4.65693769809
182 135 4.65693769809
183 136 2.5479422054
184 136 2.5479422054
185 137 0.266624193926
186 138 0.259130326829
187 139 0.250149993933
188 140 0.243137714356
189 141 0.233799863382
190 142 0.230364738885
191 143 0.222480322603
192 144 0.216485783127
193 145 0.211660244932
194 146 0.21124977747
195 147 0.21602346173
196 148 0.209891336666
197 149 0.202563702959
198 150 0.207254012647
199 151 0.206022103866
200 152 0.214867042775
201 153 0.217698445221
202 154 0.221977219107
203 155 0.229605100046
204 156 0.235458928488
205 157 0.244811167059
206 158 0.247624259754
207 159 0.255283157467
208 160 0.260219479406
209 161 0.25809076464
210 162 0.261454934131
211 163 0.270383239741
212 164 0.27547715454
213 165 0.282222508275
214 166 0.280591932534
215 167 0.2714304631
216 168 0.271087353431
217 169 0.272822430413
218 170 0.267781128574
219 171 0.264169655354
220 172 0.256774659994
221 173 0.257557941969
222 174 0.266222643605
223 175 0.263803344876
224 176 0.256068221424
225 177 0.251411718137
226 178 0.242637277361
227 179 0.24223712118
228 180 0.249720569828
229 181 0.249270529317
230 182 0.251806935411
231 183 0.253903291252
232 184 0.251466637282
233 185 0.250017037419
234 186 0.24250101154
235 187 0.244200689585
236 188 0.235526877483
237 189 0.226548012379
238 190 0.225240488034
239 191 0.216414061651
240 192 0.209713749903
241 193 0.212540272423
242 194 0.221854242023
243 195 0.228063364553
244 196 0.23643110999
245 197 0.243738967962
246 198 0.253057487965
247 199 0.260106126979
248 200 0.267306727159
249 201 0.27199728978
250 202 0.277941611186
251 203 0.27208183095
252 204 0.265078859704
253 205 0.263033439454
254 206 0.261398793267
255 207 0.262631291041
256 208 0.259187662252
257 209 0.258670081635
258 210 0.259191542654
259 211 0.262452251208
260 212 0.256499155135
261 213 0.249458031314
262 214 0.249364920627
263 215 0.250912797665
264 216 0.259986462718
265 217 0.265575714791
266 218 0.267085310404
267 219 0.271578228351
268 220 0.276532048663
269 221 0.27945855303
270 222 0.288594314282
271 223 0.289615612896
272 224 0.284324863941
273 225 0.2819925693
274 226 0.282358009812
275 227 0.277944951708
276 228 0.281826009377
277 229 0.279846117593
278 230 0.286319015446
279 231 0.283762561382
280 232 0.282345542744
281 233 0.287895364486
282 234 0.281963907878
283 235 0.280813604377
284 236 0.274217830949
285 237 0.274636928683
286 238 0.269545765775
287 239 0.269903151964
288 240 0.27205874586
289 241 0.273028294534
290 242 0.281919988661
291 243 0.284734180131
292 244 5.31817395143
