1 0 0.176042884383
2 1 0.185194009779
3 2 0.189998872836
4 3 0.198719935023
5 4 0.200622637087
6 5 0.20287331692
7 6 0.194969700323
8 7 0.189921848046
9 8 0.194475637087
10 9 0.19325784713
11 10 0.184188637976
12 11 0.182654429848
13 12 0.186758955543
14 13 0.182285343556
15 14 0.173962671426
16 15 0.17551492425
17 16 0.177385014784
18 17 0.171580040221
19 18 0.16964080373
20 19 0.168137547142
21 20 0.172462884189
22 21 0.168804015013
23 22 0.174525179619
24 23 0.169034209908
25 24 0.167707552979
26 25 0.158685447653
27 26 0.15412025499
28 27 0.151393373539
29 28 0.142677887648
30 29 0.144311763446
31 30 0.142212149193
32 31 0.146636957331
33 32 0.142415196689
34 33 0.136871023636
35 34 0.132324960328
36 35 0.123819941975
37 36 0.11933264583
38 37 0.11040829309
39 38 0.10388081877
40 39 0.109529458951
41 40 0.105974051883
42 41 0.097755550893
43 42 0.0970952748049
44 43 0.0972159258385
45 44 0.0914265666182
46 45 0.0981037361754
47 46 0.107109416706
48 47 0.114313884939
49 48 0.12339441878
50 49 0.129192756488
51 50 0.137975492639
52 51 0.143972361113
53 52 0.151631833756
54 53 0.157324966844
55 54 0.153050474117
56 55 0.147731383447
57 56 0.140006986384
58 57 0.132398175071
59 58 0.124704045129
60 59 0.116865125194
61 60 0.109571715398
62 61 0.101392135847
63 62 0.0963629385895
64 63 0.0891428060682
65 64 0.0865804681744
66 65 0.0800710234634
67 66 0.0843879149017
68 67 0.0834777554724
69 68 0.0857750826
70 69 0.0884085213728
71 70 0.0954092152394
72 71 0.0966485706287
73 72 0.0999709964769
74 73 0.102066799281
75 74 0.0951043893721
76 75 0.100653958915
77 76 0.10842481144
78 77 0.11500587808
79 78 0.120881270321
80 79 0.128749775452
81 80 0.134327045434
82 81 0.142228060721
83 82 0.146424881246
84 83 0.15490581051
85 84 0.153018562577
86 85 0.151076256843
87 86 0.142858754471
88 87 0.147724469928
89 88 0.152836010349
90 89 0.153843288728
91 90 0.150169135915
92 91 0.142939041229
93 92 0.14030488435
94 93 0.141497021287
95 94 0.136095924769
96 95 0.12999458534
97 96 0.129865044634
98 97 0.129109241375
99 98 0.122362325564
100 99 0.117284220845
101 100 0.117685451271
102 101 0.115209646667
103 102 0.107729067504
104 103 0.105363278828
105 104 0.0967779960742
106 105 0.0959796708455
107 106 0.101856655512
108 107 0.101316062351
109 108 0.0945435644851
110 109 0.0854678698737
111 110 0.084662259609
112 111 0.0757926107175
113 112 0.0748591642355
114 113 0.0781541953469
115 114 0.0723758593896
116 115 0.0661358919969
117 116 0.0630583019263
118 117 0.0660875854533
119 118 0.0723319834129
120 119 0.0735829587921
121 120 0.0770348430572
122 121 0.0813491217876
123 122 0.090286639964
124 123 0.0949207491374
125 124 0.10281766897
126 125 0.108557117099
127 126 0.115402802206
128 127 0.122998938042
129 128 0.129630422128
130 129 0.137442959466
131 130 0.142130333294
132 131 0.149189805993
133 132 0.151362979036
134 133 0.159073666966
135 134 0.155846186845
136 135 0.149348781278
137 136 0.141918791134
138 137 0.135713216312
139 138 0.132751567286
140 139 0.133381188426
141 140 0.1275852909
142 141 0.121922300501
143 142 0.120867185563
144 143 0.119115801839
145 144 0.112822352771
146 145 0.10874376825
147 146 0.108683452871
148 147 0.105366552994
149 148 0.0986245522557
150 149 0.0959845126531
151 150 0.0951670317501
152 151 0.0907846804915
153 152 0.0828173812049
154 153 0.0778895425996
155 154 0.0708294894812
156 155 0.0627287095431
157 156 0.0577389630323
158 157 0.0498855157796
159 158 0.0486066219284
160 159 0.0474676247473
161 160 0.053694805216
162 161 0.0554998283962
163 162 0.0615112395135
164 163 0.0645010849551
165 164 0.058366186863
166 165 0.0528720895812
167 166 0.0586156749718
168 167 0.0543035177578
169 168 0.059172780398
170 169 0.0609933197093
171 170 0.0570253672044
172 171 0.0591037916078
173 172 0.0570470279301
174 173 0.0608564807573
175 174 0.065748965848
176 175 0.064769795905
177 176 0.0703236731284
178 177 0.070144285376
179 178 0.0777536031674
180 179 0.0810662768879
181 180 0.0801164450527
182 181 0.086460908314
183 182 0.0929028934293
184 183 0.101120225093
185 184 0.107690062442
186 185 0.115916752601
187 186 0.124311465189
188 187 0.130808843644
189 188 0.139803683309
190 189 0.14572537377
191 190 0.154987186969
192 191 0.159735591321
193 192 0.167866927649
194 193 0.171396414475
195 194 0.164420176855
196 195 0.160248845536
197 196 0.152889241362
198 197 0.151888875664
199 198 0.144339858963
200 199 0.145588487688
201 200 0.154215071511
202 201 0.15966077387
203 202 0.164972150281
204 203 0.172937535043
205 204 0.168486990089
206 205 0.165258016054
207 206 0.17387684282
208 207 0.177232946507
209 208 0.169596122083
210 209 0.170569359866
211 210 0.162155934438
212 211 0.153531983052
213 212 0.144513149334
214 213 0.137256029327
215 214 0.12939998247
216 215 0.120921108277
217 216 0.114011328291
218 217 0.104865320556
219 218 0.0972750259573
220 219 0.102248687834
221 220 0.107220010653
222 221 0.114909180568
223 222 0.113870215121
224 223 0.119136477229
225 224 0.124250222008
226 225 0.13057804482
227 226 0.139234767794
228 227 0.147542985107
229 228 0.152515610313
230 229 0.16140217345
231 230 0.161394077896
232 231 0.17026599493
233 232 0.17572225636
234 233 0.183791439335
235 234 0.181032366996
236 235 0.174374578649
237 236 0.174327710489
238 237 0.168867086451
239 238 0.162857938658
240 239 0.159524823923
241 240 0.150656750383
242 241 0.148190517377
243 242 0.150277889823
244 243 0.144029940087
245 244 0.13766036124
246 245 0.140534899077
247 246 0.139179775276
248 247 0.130501812173
249 248 0.128931326251
250 249 0.133174834624
251 250 0.127630869734
252 251 0.120163386147
253 252 0.121612433569
254 253 0.125346665737
255 254 0.119671878172
256 255 0.112619165593
257 256 0.118889199488
258 257 0.120807245601
259 258 0.111889482062
260 259 0.110462942391
261 260 0.117193521558
262 261 0.113453772837
263 262 0.104520833101
264 263 0.105863875338
265 264 0.100764602633
