1 0 10.1923123798
2 1 0.131315876337
3 2 0.132777139321
4 3 0.133843885931
5 4 0.133509919103
6 5 0.134079014378
7 6 0.128231535345
8 7 0.128347260166
9 8 0.120684474427
10 9 0.118173153746
11 10 0.11048448323
12 11 0.108216585625
13 12 0.116859923904
14 13 0.122340427072
15 14 0.129467794953
16 15 0.132509235012
17 16 0.133547666786
18 17 6.94647730771
19 17 6.94647730771
20 17 6.94647730771
21 17 6.94647730771
22 17 6.94647730771
23 18 7.63737746928
24 18 7.63737746928
25 18 7.63737746928
26 18 7.63737746928
27 18 7.63737746928
28 19 6.14558182798
29 19 6.14558182798
30 19 6.14558182798
31 19 6.14558182798
32 19 6.14558182798
33 20 5.8774227267
34 20 5.8774227267
35 20 5.8774227267
36 20 5.8774227267
37 20 5.8774227267
38 21 4.02932593181
39 21 4.02932593181
40 21 4.02932593181
41 21 4.02932593181
42 21 4.02932593181
43 22 6.97372034224
44 22 6.97372034224
45 22 6.97372034224
46 22 6.97372034224
47 22 6.97372034224
48 23 9.74743995429
49 23 9.74743995429
50 24 0.205572781153
51 25 0.196304781636
52 26 0.192519043235
53 27 0.187746211095
54 28 0.180093170334
55 29 0.178084438445
56 30 0.171631254145
57 31 0.172305958093
58 32 0.172298322273
59 33 0.175055154733
60 34 0.182034517134
61 35 0.189572316155
62 36 0.19589173463
63 37 0.198059099185
64 38 0.207376565412
65 39 0.210571839394
66 40 0.218799756194
67 41 0.214951530205
68 42 0.216346285346
69 43 0.208072333676
70 44 0.207903604384
71 45 0.201553439456
72 46 0.192609773141
73 47 0.193496633471
74 48 0.193072797859
75 49 0.195028557674
76 50 0.193374470199
77 51 0.199677871283
78 52 0.200516944521
79 53 0.193027762839
80 54 0.193987457272
81 55 0.186184463367
82 56 0.18414050499
83 57 0.181820446802
84 58 0.179359880686
85 59 0.175394542931
86 60 0.182263539757
87 61 0.188924873293
88 62 0.195011823661
89 63 0.203762346224
90 64 0.211563351005
91 65 0.21967357091
92 66 0.226544970717
93 67 0.223348050267
94 68 0.217583517134
95 69 0.208535434528
96 70 0.202817976764
97 71 0.19455201719
98 72 0.194224718147
99 73 0.186010897967
100 74 0.180686501065
101 75 0.179269536212
102 76 0.183642343404
103 77 0.188066099263
104 78 0.1962978208
105 79 0.203324818838
106 80 0.211345503451
107 81 0.218817057189
108 82 0.227496520094
109 83 0.230191060703
110 84 0.221737952561
111 85 0.220397193023
112 86 0.212951925918
113 87 0.208488418444
114 88 0.205898604467
115 89 0.202918189946
116 90 0.207397196608
117 91 0.201858657113
118 92 0.207793510616
119 93 0.216743890706
120 94 0.221977461432
121 95 0.230824324382
122 96 0.23542239632
123 97 0.228532922296
124 98 0.220362108835
125 99 0.2128217287
126 100 0.208810607079
127 101 0.200410252691
128 102 0.201772024455
129 103 0.193640663771
130 104 0.19582753438
131 105 0.193492112627
132 106 0.199796060853
133 107 0.204115927242
134 108 0.212562500979
135 109 0.220042939075
136 110 0.226092144651
137 111 0.234017959769
138 112 0.238655640277
139 113 0.246002182874
140 114 0.240919462766
141 115 0.239404672447
142 116 0.244524236084
143 117 0.245942086785
144 118 0.245940504274
145 119 0.254155510314
146 120 0.256349896517
147 121 0.264997652349
148 122 0.268869013605
149 123 0.263973318048
150 124 0.26871381321
151 125 0.264582453803
152 126 0.260268172768
153 127 0.256880618515
154 128 0.250698680859
155 129 0.245792858493
156 130 0.241822040735
157 131 0.238833586952
158 132 0.235856168207
159 133 0.231270533292
160 134 0.223620459876
161 135 0.228165000642
162 136 0.228772684823
163 137 0.221068529357
164 138 0.213940735894
165 139 0.205298514077
166 140 0.200029003977
167 141 0.207041989183
168 142 0.207075040858
169 143 0.21492658817
170 144 0.219237054002
171 145 0.223363922441
172 146 0.227331669295
173 147 0.225531253909
174 148 0.234062882231
175 149 0.232413506991
176 150 0.225594465393
177 151 0.223393414252
178 152 0.221201297246
179 153 0.211928183974
180 154 0.212842263395
181 155 0.213051578792
182 156 0.218410485708
183 157 0.225735024863
184 158 0.226376093067
185 159 0.233436345936
186 160 0.234339460715
187 161 0.243660411097
188 162 0.243304342057
189 163 0.241271462542
190 164 0.234866244046
191 165 0.230241194117
192 166 0.227055126488
193 167 0.220152904048
194 168 0.21348147087
195 169 0.210115710692
196 170 0.207261028109
197 171 0.200016837395
198 172 0.192749692263
199 173 0.191334452247
200 174 0.186042476176
201 175 0.185889162007
202 176 0.184013808085
203 177 0.183882952212
204 178 0.192713037898
205 179 0.191703705069
206 180 0.191819184417
207 181 0.200282945912
208 182 0.207753161474
209 183 0.216691718695
210 184 0.222629204454
211 185 0.23103378714
212 186 0.227120610355
213 187 0.21863351699
214 188 0.219850114223
215 189 0.217983654457
216 190 0.217915101306
217 191 0.210640054967
218 192 0.208179180593
219 193 0.203973130402
220 194 0.210976168031
221 195 0.207499394717
222 196 0.211460592434
223 197 0.207448346886
224 198 0.210325541882
225 199 0.206781386849
226 200 0.207748641814
227 201 0.207481640899
228 202 0.201239218225
229 203 0.195091940103
230 204 0.196561515525
231 205 0.198009080509
232 206 0.201484894399
233 207 0.200247271343
234 208 0.205422262119
235 209 0.209047362966
236 210 0.217081498864
237 211 0.224396663399
238 212 0.233371209623
239 213 0.235383963586
240 214 0.229033341886
241 215 0.233489851186
242 216 0.2420360992
243 217 0.23929938568
244 218 0.240269258571
245 219 0.246097309026
246 220 7.19633271013
247 220 7.19633271013
248 220 7.19633271013
249 220 7.19633271013
250 220 7.19633271013
251 221 7.45004261808
252 221 7.45004261808
253 221 7.45004261808
254 221 7.45004261808
255 221 7.45004261808
256 222 12.1359440507
257 222 12.1359440507
258 222 12.1359440507
259 222 12.1359440507
260 222 12.1359440507
261 223 18.7720207856
262 223 18.7720207856
263 223 18.7720207856
264 223 18.7720207856
265 223 18.7720207856
266 224 12.5150011169
267 224 12.5150011169
268 224 12.5150011169
269 224 12.5150011169
270 224 12.5150011169
271 225 8.03394118635
272 225 8.03394118635
273 225 8.03394118635
274 225 8.03394118635
275 226 0.251105873368
276 227 0.244097789618
277 228 0.246374803329
278 229 0.244057996184
279 230 0.235190540461
280 231 0.232984547216
281 232 0.227128732295
282 233 0.223071610353
283 234 0.213736346436
284 235 0.213977877332
285 236 0.210745454058
286 237 0.213540532509
287 238 0.210604674404
288 239 0.209290067443
289 240 0.203537110396
290 241 0.198553777495
291 242 0.189569940542
292 243 0.192328938205
293 244 0.197125961774
294 245 0.190109664306
295 246 0.183991492036
296 247 0.190291317455
297 248 0.19059443743
298 249 0.181263925955
299 250 0.181552684245
300 251 0.188399649206
301 252 0.18351348815
302 253 0.175731161148
303 254 0.180312817244
304 255 0.184477994415
305 256 0.176109944499
306 257 0.173426883472
307 258 0.180552623526
308 259 0.178238716347
309 260 0.169307079936
310 261 0.172114660861
311 262 0.177718555408
312 263 0.185034573465
313 264 0.193351244303
314 265 0.19618020919
315 266 0.204641251919
316 267 0.208584222132
317 268 0.207696975951
318 269 0.198676643851
319 270 0.196741948201
320 271 0.200696351145
321 272 0.197301418929
322 273 0.188593429608
323 274 0.189807385933
324 275 0.191736214874
325 276 0.185442469722
326 277 0.178759163788
327 278 0.180369010433
328 279 0.17405906855
329 280 0.167497920416
330 281 0.166877462876
331 282 0.16377401905
332 283 0.168839250647
333 284 0.161208422946
334 285 0.158477352217
335 286 0.164727125258
336 287 0.159770591473
337 288 0.153020330723
338 289 0.15336031342
339 290 0.153894413371
340 291 0.160683659819
341 292 0.16566597174
342 293 0.164617870462
343 294 0.167581944741
344 295 0.174793482889
345 296 0.177833608301
346 297 0.176249878156
347 298 0.181089280519
348 299 0.188306166981
349 300 0.18859397567
350 301 0.188487495913
351 302 0.194808980603
352 303 0.200492039736
353 304 0.198722009
354 305 0.202135806131
355 306 0.208785299883
356 307 0.211785668705
357 308 0.212362275841
358 309 5.11299902384
359 309 5.11299902384
