1 0 3.96067149678
2 0 3.96067149678
3 0 3.96067149678
4 1 0.143023979647
5 2 0.150178165511
6 3 0.157673320216
7 4 0.16354333064
8 5 0.161053082673
9 6 0.15914947792
10 7 0.150682541461
11 8 0.149290558592
12 9 0.14182682973
13 10 0.133833905326
14 11 0.128358242752
15 12 0.132844767277
16 13 0.128278938775
17 14 0.132356230613
18 15 0.132907456711
19 16 0.125959447061
20 17 0.127177803386
21 18 0.121104919275
22 19 0.119708121894
23 20 6.27723244916
24 20 6.27723244916
25 20 6.27723244916
26 20 6.27723244916
27 20 6.27723244916
28 21 5.5688571809
29 21 5.5688571809
30 21 5.5688571809
31 22 3.17723011566
32 22 3.17723011566
33 22 3.17723011566
34 22 3.17723011566
35 22 3.17723011566
36 23 2.1603281045
37 23 2.1603281045
38 23 2.1603281045
39 23 2.1603281045
40 23 2.1603281045
41 24 2.70383280128
42 25 0.155219205114
43 26 0.15001751665
44 27 0.155655255298
45 28 0.163356740814
46 29 0.169455254504
47 30 0.177186862438
48 31 0.182639317178
49 32 0.189935668529
50 33 0.194483088921
51 34 0.200794369977
52 35 0.199731274987
53 36 0.198631719946
54 37 0.206778220949
55 38 0.202262907171
56 39 0.200076787132
57 40 0.203298250422
58 41 0.197314220124
59 42 0.191015051915
60 43 0.185642576541
61 44 0.180807064591
62 45 0.173381014597
63 46 0.168848616618
64 47 0.161602822632
65 48 0.157198777045
66 49 0.149379785873
67 50 0.142069014499
68 51 0.139220821206
69 52 0.143544161093
70 53 0.152556048401
71 54 0.156558790809
72 55 0.164957042195
73 56 0.166948824129
74 57 0.175022505715
75 58 0.178021209102
76 59 0.184994381599
77 60 0.189323543534
78 61 0.19401177237
79 62 0.19950796667
80 63 0.203375471758
81 64 0.204214996681
82 65 0.205612132805
83 66 0.199946100027
84 67 0.20275510988
85 68 0.198479671533
86 69 0.202144146782
87 70 0.20545431887
88 71 0.201816998325
89 72 0.205925422143
90 73 0.199933277393
91 74 0.196211150784
92 75 0.188020228372
93 76 0.182255718648
94 77 0.176098567285
95 78 0.170368729962
96 79 0.165645099713
97 80 0.16024999161
98 81 0.159604283492
99 82 0.153484394328
100 83 0.157551240118
101 84 0.156438541813
102 85 0.149417822433
103 86 0.142980040061
104 87 0.140868486643
105 88 0.137971742133
106 89 0.13463974744
107 90 0.141514631256
108 91 0.137888680836
109 92 0.137866986103
110 93 0.146765602617
111 94 0.149105341859
112 95 0.144921644814
113 96 0.149367686117
114 97 0.157275314091
115 98 0.156211955078
116 99 0.154064192107
117 100 0.161740281896
118 101 0.167144263522
119 102 0.164879805695
120 103 0.166765170616
121 104 0.175326582557
122 105 0.177643795889
123 106 0.177340382488
124 107 0.182407310992
125 108 0.188813766044
126 109 0.196523063612
127 110 0.196373941743
128 111 0.203880670739
129 112 0.209465960324
130 113 0.207185321612
131 114 0.208839374662
132 115 0.20591633428
133 116 0.202734781834
134 117 0.194744013789
135 118 0.19125116378
136 119 0.18479204333
137 120 0.180147393081
138 121 0.175403205851
139 122 0.169640771671
140 123 0.167346823355
141 124 0.159724579073
142 125 0.163868453222
143 126 0.159398993739
144 127 0.151262111636
145 128 0.147410070729
146 129 0.138584034747
147 130 0.138002071208
148 131 0.129304423908
149 132 0.128912495159
150 133 3.9870509163
151 133 3.9870509163
152 133 3.9870509163
153 133 3.9870509163
154 133 3.9870509163
155 134 7.26401248072
156 134 7.26401248072
157 134 7.26401248072
158 134 7.26401248072
159 134 7.26401248072
160 135 3.42077966782
161 135 3.42077966782
162 135 3.42077966782
163 136 0.125463773043
164 137 0.131584878298
165 138 0.138435578777
166 139 0.13798568723
167 140 0.141741797491
168 141 0.149078490536
169 142 0.151398108423
170 143 0.155926474691
171 144 0.161035522503
172 145 0.163226746412
173 146 0.166586984264
174 147 0.171360890054
175 148 0.175113119366
176 149 0.177255165512
177 150 0.181148216939
178 151 0.186151639045
179 152 0.188674984721
180 153 0.191345544092
181 154 0.196248454503
182 155 0.199925502984
183 156 0.201975840149
184 157 0.206534963236
185 158 0.200911775613
186 159 0.201159611901
187 160 0.193297737731
188 161 0.191352394935
189 162 0.186378314405
190 163 0.18263706119
191 164 0.174368265772
192 165 0.167743439067
193 166 0.158439616948
194 167 0.150827246294
195 168 0.142266594367
196 169 0.134325664971
197 170 0.125795730818
198 171 0.127969815289
199 172 0.133197175609
200 173 0.142321869116
201 174 0.148528684333
202 175 0.157814247279
203 176 0.163259215491
204 177 0.172170245091
205 178 0.176956150075
206 179 0.173291240108
207 180 0.164685370388
208 181 0.165742343248
209 182 0.164515130054
210 183 0.159829767992
211 184 0.163410608068
212 185 0.155294747556
213 186 0.146120956845
214 187 0.139886558628
215 188 0.130753237627
216 189 0.124229440817
217 190 0.115789379935
218 191 0.116366554662
219 192 0.110924639758
220 193 0.110035542729
221 194 0.115290148716
222 195 0.120285227068
223 196 0.128431168141
224 197 0.131819208702
225 198 0.130088752279
226 199 0.13402203706
227 200 0.141600972167
228 201 0.143095986901
229 202 0.142099538051
230 203 0.147307466291
231 204 0.153970841868
232 205 0.154561379669
233 206 0.1560249336
234 207 0.16167188402
235 208 0.166800651995
236 209 0.167533530633
237 210 0.169657242074
238 211 0.176045092154
239 212 0.180213421498
240 213 0.180866888782
241 214 0.183778351714
242 215 0.190691080541
243 216 0.192769804039
244 217 0.193420879972
245 218 0.198368136637
246 219 0.204487924736
247 220 0.206002912322
248 221 0.205174299809
249 222 5.7644304074
250 222 5.7644304074
