1 0 39.4601657245
2 0 39.4601657245
3 0 39.4601657245
4 0 39.4601657245
5 0 39.4601657245
6 1 38.0658458558
7 1 38.0658458558
8 1 38.0658458558
9 1 38.0658458558
10 1 38.0658458558
11 2 36.0020136155
12 2 36.0020136155
13 2 36.0020136155
14 2 36.0020136155
15 2 36.0020136155
16 3 45.2091121659
17 3 45.2091121659
18 3 45.2091121659
19 3 45.2091121659
20 3 45.2091121659
21 4 49.8518966662
22 4 49.8518966662
23 4 49.8518966662
24 4 49.8518966662
25 4 49.8518966662
26 5 49.3891637935
27 5 49.3891637935
28 5 49.3891637935
29 5 49.3891637935
30 5 49.3891637935
31 6 53.0296908634
32 6 53.0296908634
33 6 53.0296908634
34 6 53.0296908634
35 6 53.0296908634
36 7 48.0579683535
37 7 48.0579683535
38 7 48.0579683535
39 7 48.0579683535
40 7 48.0579683535
41 8 41.8496713869
42 8 41.8496713869
43 8 41.8496713869
44 8 41.8496713869
45 8 41.8496713869
46 9 40.4899490086
47 9 40.4899490086
48 9 40.4899490086
49 9 40.4899490086
50 9 40.4899490086
51 10 32.496599928
52 10 32.496599928
53 10 32.496599928
54 10 32.496599928
55 10 32.496599928
56 11 38.8408048654
57 11 38.8408048654
58 11 38.8408048654
59 11 38.8408048654
60 11 38.8408048654
61 12 34.2823954556
62 12 34.2823954556
63 12 34.2823954556
64 12 34.2823954556
65 12 34.2823954556
66 13 35.8852893942
67 13 35.8852893942
68 13 35.8852893942
69 13 35.8852893942
70 13 35.8852893942
71 14 40.2478034842
72 14 40.2478034842
73 14 40.2478034842
74 14 40.2478034842
75 14 40.2478034842
76 15 43.9455049301
77 15 43.9455049301
78 15 43.9455049301
79 15 43.9455049301
80 15 43.9455049301
81 16 39.7144956758
82 16 39.7144956758
83 16 39.7144956758
84 16 39.7144956758
85 16 39.7144956758
86 17 44.4678989206
87 17 44.4678989206
88 17 44.4678989206
89 17 44.4678989206
90 17 44.4678989206
91 18 40.3749667599
92 18 40.3749667599
93 18 40.3749667599
94 18 40.3749667599
95 18 40.3749667599
96 19 35.7778542409
97 19 35.7778542409
98 19 35.7778542409
99 19 35.7778542409
100 19 35.7778542409
101 20 37.82478732
102 20 37.82478732
103 20 37.82478732
104 20 37.82478732
105 20 37.82478732
106 21 38.0733242884
107 21 38.0733242884
108 21 38.0733242884
109 21 38.0733242884
110 21 38.0733242884
111 22 39.2519895932
112 22 39.2519895932
113 22 39.2519895932
114 22 39.2519895932
115 22 39.2519895932
116 23 45.5856723212
117 23 45.5856723212
118 23 45.5856723212
119 23 45.5856723212
120 23 45.5856723212
121 24 47.4773312615
122 24 47.4773312615
123 24 47.4773312615
124 24 47.4773312615
125 24 47.4773312615
126 25 50.1067767539
127 25 50.1067767539
128 25 50.1067767539
129 25 50.1067767539
130 25 50.1067767539
131 26 56.0738446048
132 26 56.0738446048
133 26 56.0738446048
134 26 56.0738446048
135 26 56.0738446048
136 27 54.0835126157
137 27 54.0835126157
138 27 54.0835126157
139 27 54.0835126157
140 27 54.0835126157
141 28 49.2984075647
142 28 49.2984075647
143 28 49.2984075647
144 28 49.2984075647
145 28 49.2984075647
146 29 55.5998983308
147 29 55.5998983308
148 29 55.5998983308
149 29 55.5998983308
150 29 55.5998983308
151 30 54.1452179871
152 30 54.1452179871
153 30 54.1452179871
154 30 54.1452179871
155 30 54.1452179871
156 31 60.72860174
157 31 60.72860174
158 31 60.72860174
159 31 60.72860174
160 31 60.72860174
161 32 67.5279225788
162 32 67.5279225788
163 32 67.5279225788
164 32 67.5279225788
165 32 67.5279225788
166 33 74.541205572
167 33 74.541205572
168 33 74.541205572
169 33 74.541205572
170 33 74.541205572
171 34 67.275969523
172 34 67.275969523
173 34 67.275969523
174 34 67.275969523
175 34 67.275969523
176 35 68.8834117986
177 35 68.8834117986
178 35 68.8834117986
179 35 68.8834117986
180 35 68.8834117986
181 36 62.4189293551
182 36 62.4189293551
183 36 62.4189293551
184 36 62.4189293551
