1 0 8.61181383163
2 0 8.61181383163
3 0 8.61181383163
4 0 8.61181383163
5 0 8.61181383163
6 1 7.65932214919
7 1 7.65932214919
8 1 7.65932214919
9 2 0.154961967833
10 3 0.148054742522
11 4 0.143880947892
12 5 0.141846893536
13 6 0.134206083201
14 7 0.133296659892
15 8 0.126332185989
16 9 0.132895219835
17 10 0.127000448332
18 11 0.132483645562
19 12 0.130812683232
20 13 0.136233922698
21 14 0.13574038323
22 15 0.132288574659
23 16 0.136596477844
24 17 0.136498764189
25 18 0.1382258233
26 19 0.130034171856
27 20 0.13518885008
28 21 0.128404398069
29 22 0.133018828863
30 23 0.144147219893
31 24 0.14062613641
32 25 0.142580240022
33 26 0.134872667446
34 27 0.137031982889
35 28 0.127290247704
36 29 0.127730776093
37 30 0.120159274979
38 31 0.122057757662
39 32 0.122703206773
40 33 0.120639740913
41 34 0.125982057923
42 35 0.120899822288
43 36 0.12506244596
44 37 0.116215802312
45 38 0.112759304713
46 39 0.109791717804
47 40 0.113680827226
48 41 0.103932312439
49 42 0.109994467789
50 43 0.109495111217
51 44 0.120948391256
52 45 0.122500293623
53 46 0.126220252407
54 47 0.127617868181
55 48 0.118171696174
56 49 0.111683291059
57 50 0.118798113261
58 51 0.117274507022
59 52 0.106709608063
60 53 0.100284630591
61 54 0.0903363291445
62 55 0.0839086399843
63 56 0.0784546504271
64 57 0.072560241663
65 58 0.080593608044
66 59 0.0796899835743
67 60 0.0878997419341
68 61 0.0869267047077
69 62 0.0876359005618
70 63 0.0968282250299
71 64 0.0931762682916
72 65 0.102521113854
73 66 0.106133561424
74 67 0.116234032532
75 68 0.119305770875
76 69 0.116546192638
77 70 0.119797856906
78 71 0.131366580575
79 72 0.138486999584
80 73 0.150063652514
81 74 0.157384880203
82 75 0.15971383265
83 76 0.147990656297
84 77 0.144304600551
85 78 0.133946135289
86 79 0.130042823822
87 80 0.12213146349
88 81 0.121048427043
89 82 0.122701018153
90 83 0.120525957947
91 84 0.127210782186
92 85 0.12319882762
93 86 0.126796763677
94 87 0.122026003708
95 88 0.110954207931
96 89 0.111807368385
97 90 0.115583840248
98 91 0.109655597725
99 92 0.0986656474111
100 93 0.0944095909561
101 94 0.10180842707
102 95 0.098057278906
103 96 0.0869222685026
104 97 0.0914452634313
105 98 0.0882469219603
106 99 0.0993790887689
107 100 0.105343989883
108 101 0.105559644723
109 102 0.100728541056
110 103 0.105174849923
111 104 0.10670387764
112 105 0.110268001016
113 106 0.10831437528
114 107 0.115562146725
115 108 0.111445116674
116 109 0.120796796796
117 110 0.117386593427
118 111 0.105612738517
119 112 0.109777845875
120 113 0.11764668832
121 114 0.1088640138
122 115 0.101357390228
123 116 0.11015450237
124 117 0.114286449501
125 118 0.103366257232
126 119 0.0925577525625
127 120 0.0854447884329
128 121 0.0916253821935
129 122 0.0907943184481
130 123 0.078514582705
131 124 0.0787993271901
132 125 0.0867768066741
133 126 0.0799385241472
134 127 0.0707018160199
135 128 0.0783082443905
136 129 0.0812318484828
137 130 0.0704420164304
138 131 0.0664753367889
139 132 0.0760882192069
140 133 0.0758579665484
141 134 0.084320976293
142 135 0.0863431912561
143 136 0.0871424640812
144 137 0.0903096761113
145 138 0.0922623658978
146 139 0.0953074583233
147 140 0.0992656495498
148 141 0.109006729445
149 142 0.110642338409
150 143 0.122457468579
151 144 0.124281794403
152 145 0.118818235122
153 146 0.124769900238
154 147 0.134933399488
155 148 0.139694399839
156 149 0.138061212836
157 150 0.138359706872
158 151 0.148513976185
159 152 0.152998568371
160 153 0.160059948739
161 154 0.172136883185
162 155 0.180756777793
163 156 0.182722645498
164 157 0.17327872515
165 158 0.165144551262
166 159 0.153056917318
167 160 0.151181921233
168 161 0.159228735099
169 162 0.154515466266
170 163 0.143086302099
171 164 0.147349006369
172 165 0.153342035311
173 166 0.142800605098
174 167 0.136871532319
175 168 0.146812950736
176 169 0.146829978795
177 170 0.135402260939
178 171 0.138726466939
179 172 0.148584026064
180 173 0.142110963203
181 174 0.134267579848
182 175 0.143408014915
183 176 0.149244193807
184 177 0.13949908738
185 178 0.137170278289
186 179 0.148347780041
187 180 0.148007772
188 181 0.139267745247
189 182 0.14497223488
190 183 0.136493541252
191 184 0.141065161619
192 185 0.136031699755
193 186 0.136668550689
194 187 0.13708587637
195 188 0.132749170959
196 189 0.138350566093
197 190 0.143204196082
198 191 0.150508246658
199 192 0.162288739393
200 193 0.164976351831
201 194 0.158178532127
202 195 0.161749085431
203 196 0.173534284495
204 197 0.17249961127
205 198 0.168008234538
206 199 0.176031984888
207 200 0.185423868748
208 201 0.180212371628
209 202 0.185417095527
210 203 0.178554619527
211 204 0.170024490138
212 205 0.167038239597
213 206 0.156959405733
214 207 0.152968903375
215 208 0.151062720736
216 209 0.146756623908
217 210 0.143466607446
218 211 0.132679266953
219 212 0.137231425214
220 213 0.145162244596
221 214 0.136577038882
222 215 0.129948533892
223 216 0.139963693588
224 217 0.14036235445
225 218 0.129963716815
226 219 0.129375496635
227 220 0.121822587692
228 221 0.127794709214
229 222 0.127271877605
230 223 0.115615578235
231 224 0.113842472736
232 225 0.123378736467
233 226 0.117490106244
234 227 0.110734394752
235 228 0.120179729201
236 229 0.120684202872
237 230 0.130373272436
238 231 2.9234136408
239 231 2.9234136408
240 231 2.9234136408
241 231 2.9234136408
242 231 2.9234136408
243 232 4.14837776633
244 232 4.14837776633
245 232 4.14837776633
246 232 4.14837776633
247 232 4.14837776633
248 233 2.15085243911
249 234 0.163641435563
250 235 0.153290689454
251 236 0.156441198302
252 237 0.163077296459
253 238 0.16369894897
254 239 0.161012314698
255 240 0.153921738175
256 241 0.158796520483
257 242 0.155880286695
258 243 0.147664220506
259 244 0.151674145525
260 245 0.150472130228
261 246 0.140973697022
262 247 0.148495253533
263 248 0.153819775369
264 249 0.144226440927
265 250 0.139761026989
266 251 0.150085826631
267 252 0.150713626266
268 253 0.140360180094
269 254 0.143410759274
270 255 0.154474022482
271 256 0.15092524153
272 257 0.155992376754
273 258 0.146434539231
274 259 0.13618301715
275 260 0.125088836938
276 261 0.116784054992
277 262 0.109302118519
278 263 0.114494874799
279 264 0.11069468807
280 265 0.112849225126
281 266 0.109632996928
282 267 0.106342466524
283 268 0.11334425094
284 269 0.12206121243
285 270 0.122763872587
286 271 0.133780868063
287 272 0.132371557814
288 273 0.126540871902
289 274 0.125997180925
290 275 0.123698825118
291 276 0.119691731225
292 277 0.126371050674
293 278 0.124871458229
294 279 0.136641417527
295 280 0.138866978947
296 281 0.13639846681
297 282 0.135367403864
298 283 0.130307378119
299 284 0.138306026176
300 285 0.139139991858
301 286 0.140359691502
302 287 0.145887315276
303 288 0.147732970038
304 289 0.143450369906
305 290 0.150701295129
306 291 0.147839586805
307 292 0.136313726455
308 293 0.139163262556
309 294 0.130359924002
310 295 0.122171609309
311 296 0.111127937603
312 297 0.104744730312
313 298 0.0994671030302
314 299 0.106390806548
315 300 0.110341597508
316 301 0.122143436616
317 302 0.131844255738
318 303 0.140154932317
319 304 0.151775140564
320 305 0.157278919011
321 306 0.164880979964
322 307 0.175839588046
323 308 0.177265273552
324 309 0.182513054002
325 310 0.172630908551
326 311 0.166288824828
327 312 0.161210339314
328 313 0.16446114688
329 314 0.156194904506
330 315 4.86675828036
331 315 4.86675828036
332 315 4.86675828036
333 315 4.86675828036
334 315 4.86675828036
335 316 4.66671024039
336 316 4.66671024039
337 316 4.66671024039
338 316 4.66671024039
339 316 4.66671024039
340 317 7.46527850116
341 317 7.46527850116
342 317 7.46527850116
343 317 7.46527850116
344 317 7.46527850116
345 318 7.53560277405
346 318 7.53560277405
347 318 7.53560277405
348 318 7.53560277405
349 318 7.53560277405
350 319 7.64915695667
351 319 7.64915695667
352 319 7.64915695667
353 319 7.64915695667
354 319 7.64915695667
355 320 8.58689196186
356 320 8.58689196186
357 320 8.58689196186
358 320 8.58689196186
359 320 8.58689196186
360 321 7.26943442064
361 321 7.26943442064
362 321 7.26943442064
363 321 7.26943442064
364 322 0.187193633441
365 323 0.188720131086
366 324 0.186249361165
367 325 0.17576304154
368 326 0.1810391667
369 327 0.18365638314
370 328 0.172497607041
371 329 0.168427943647
372 330 0.176769622322
373 331 0.173006554808
374 332 0.162204863057
375 333 0.166635352763
376 334 0.17246542531
377 335 0.162140577734
378 336 0.157186995897
379 337 0.16658525446
380 338 0.165704110918
381 339 0.154513751989
382 340 0.158046807468
383 341 0.166646454993
384 342 0.159123798941
385 343 0.16764896068
386 344 0.165819931609
387 345 0.156266573878
388 346 0.156767558221
389 347 0.15290485055
390 348 0.150323925291
391 349 0.147840296978
392 350 0.139554788595
393 351 0.144595941703
394 352 0.135231972374
395 353 0.123740221891
396 354 0.117160174728
397 355 0.10630291534
398 356 0.1047957965
399 357 0.0949997131556
400 358 0.0957609722128
401 359 0.0866608896359
402 360 0.0838761894255
403 361 0.0850153946412
404 362 0.0821440011212
405 363 0.0900197500069
406 364 0.0959978535772
407 365 0.106961813875
408 366 0.111436960158
409 367 0.115021196091
410 368 0.122930972552
411 369 0.128341663396
412 370 0.128932075308
413 371 0.137248820599
414 372 0.134758636748
415 373 0.146193432276
416 374 0.148378061474
417 375 0.148019509768
418 376 0.149480855452
419 377 0.142352354753
420 378 0.140152688323
421 379 0.135041537926
422 380 0.126054687097
423 381 0.118725416255
424 382 0.107732559264
425 383 0.101968957294
426 384 0.0942789483741
427 385 0.085126202199
428 386 0.0879362917179
429 387 0.0946009420221
430 388 0.100014865082
431 389 0.10289798046
432 390 0.111716343089
433 391 0.112082996521
434 392 0.114614377906
435 393 0.122917926415
436 394 0.120697848049
437 395 0.128140989754
438 396 0.125968912132
439 397 0.131211404737
440 398 0.122185250455
441 399 0.121167317575
442 400 0.119370358138
443 401 0.111655017094
444 402 0.105307702894
445 403 0.106659136544
446 404 0.096072797798
447 405 0.0900190485069
448 406 0.0836955162079
449 407 0.088983823778
450 408 0.0865894132638
451 409 0.0955136165493
452 410 0.0979614597007
453 411 0.107110256441
454 412 0.115397785422
455 413 0.123557112491
456 414 0.129910645056
457 415 0.141563820428
458 416 0.149075105394
459 417 0.153959076088
460 418 0.144765739585
461 419 0.140779072738
462 420 0.129959146353
463 421 0.123912333747
464 422 0.1234806866
465 423 0.11437156969
466 424 0.111313559258
467 425 0.104500787522
468 426 0.0950735113081
469 427 0.0887278100509
470 428 0.088714918508
471 429 0.0780897579075
472 430 0.0808610444991
473 431 0.0821679771664
474 432 0.0779621926479
475 433 0.0690890820286
476 434 0.0668912919735
477 435 0.0576915866042
478 436 0.0610453597943
479 437 0.0678189010526
480 438 0.0625085649298
481 439 0.0534282994841
482 440 0.0585162752438
483 441 0.0651515225828
484 442 0.0578919881694
485 443 0.0520137484639
486 444 0.0602028883251
487 445 0.0662868657921
488 446 0.0592705467551
489 447 0.0576466755791
490 448 0.0476555997264
491 449 0.0465922447056
492 450 0.0456800255933
493 451 0.0494331816077
494 452 0.0440710366508
495 453 0.0403198720519
496 454 0.0488825505009
497 455 0.0526733772939
498 456 0.0504157049953
499 457 0.0405126196048
500 458 0.0417241649607
501 459 0.0479389309244
502 460 0.0412762678778
503 461 0.0401848232368
504 462 0.0473262377147
505 463 0.0565877972286
506 464 0.0594270187218
507 465 0.0528981421336
508 466 0.0523331069367
509 467 0.0611242846321
510 468 0.0566324115462
511 469 0.0602015131784
512 470 0.0595450268605
513 471 0.0674030872743
514 472 0.0744064710822
515 473 0.0757528554419
516 474 0.0682481312124
517 475 0.074010071138
518 476 0.0784986442601
519 477 0.0805684836228
520 478 0.0777439922946
521 479 0.0701464757992
522 480 0.0693816322822
523 481 0.0715915012996
524 482 0.0645583786375
525 483 0.0592318030377
526 484 0.0593797397688
527 485 0.0502387200155
528 486 0.0558471191572
529 487 0.0583833970563
530 488 0.0504520915686
531 489 0.0509057743318
532 490 0.0561160882887
533 491 0.0626305689117
534 492 0.0631601227648
535 493 0.0669806462491
536 494 0.0763442567816
537 495 0.0721568831424
538 496 0.0722872497059
539 497 0.0610419019644
540 498 0.0571676533444
541 499 0.0465500496532
542 500 0.0460912844604
543 501 0.0360169453935
544 502 0.0354956678503
545 503 0.0406737414674
546 504 0.0359624354402
547 505 0.0306203898397
548 506 0.0320950642992
549 507 0.0243499310236
550 508 0.0269122417402
551 509 0.0232470489601
552 510 0.0336561057647
553 511 0.0447886450192
554 512 0.0557670410263
555 513 0.0665773710036
556 514 0.0774405707272
557 515 0.0868120045619
558 516 0.0975010178781
559 517 0.0989511167734
560 518 0.110067211572
561 519 0.112284886195
562 520 0.113000545459
563 521 0.102203619162
564 522 0.092133954416
565 523 0.0814111433311
566 524 0.0721264368145
567 525 0.0611065463959
568 526 0.0510019445476
569 527 0.0431190161781
570 528 0.0323142212651
571 529 0.0278169572604
572 530 0.0293676190441
573 531 0.0244399684501
574 532 0.0277927804537
575 533 0.0338164252956
576 534 0.0323569553023
577 535 0.0285844940213
578 536 0.0336893907165
579 537 0.0373368520657
580 538 0.0439906650184
581 539 0.0409937725095
582 540 0.0414225601282
583 541 0.0330029328229
584 542 0.0319723386827
585 543 0.0382788859927
586 544 0.0354838874226
587 545 0.0281531283567
588 546 0.0329827626022
589 547 0.0399359377316
590 548 0.0349537987339
591 549 0.0323967385531
592 550 0.0284643765754
593 551 0.0255497867184
594 552 0.0294240113989
595 553 0.0268618927352
596 554 0.0324513944152
597 555 0.0341862573391
598 556 0.0379206956683
599 557 0.0341607959518
600 558 0.0279596179214
601 559 0.0303483004926
602 560 0.0238338627647
603 561 0.0237970593144
604 562 0.0222006972304
605 563 0.0270263868561
606 564 0.0286386892074
607 565 0.035154550611
608 566 0.0295818499702
609 567 0.0234009745664
610 568 0.0296837670348
611 569 0.0383180519766
612 570 0.0403306898674
613 571 0.0329676882693
614 572 0.0328467563478
615 573 0.0386614587939
616 574 0.0447138917934
617 575 0.0544215860739
618 576 0.0638126049835
619 577 0.0595018872724
620 578 0.0582649315445
621 579 0.0486217482118
622 580 0.0439961652103
623 581 0.0381187478019
624 582 0.0360103067277
625 583 0.0448487052981
626 584 0.0516135661134
627 585 0.0622721658672
628 586 0.0720518076738
629 587 0.0835049859943
630 588 0.0905220624333
631 589 0.102115811565
632 590 0.106285888715
633 591 0.106481086059
634 592 0.0940468283908
635 593 0.0965006113512
636 594 0.0881187354232
637 595 0.0931058620618
638 596 0.0829355193645
639 597 0.0710500402207
640 598 0.0623392571912
641 599 0.0511011484925
642 600 0.0463788730616
643 601 0.0412928196893
644 602 0.0481065216212
645 603 0.0524347068657
646 604 0.0550447455947
647 605 0.0592443964693
648 606 0.0566597567783
649 607 0.0662070893889
650 608 0.0610745420129
651 609 0.0507019305073
652 610 0.0535617167919
653 611 0.0487614756937
654 612 0.0509901293098
655 613 0.0582449294178
656 614 0.0622773703199
657 615 0.0646902797715
658 616 0.0710961526113
659 617 0.0769741782484
660 618 0.0804330870471
661 619 0.0849270803089
662 620 0.0911971905059
663 621 0.0954800306585
664 622 0.104269411649
665 623 0.105675992789
666 624 0.0989004748502
667 625 0.103465458819
668 626 0.0981726037627
669 627 0.0942739164536
670 628 0.0828559128753
671 629 0.0858469781651
672 630 0.0942823686749
673 631 0.0849989310511
674 632 0.0783524520608
675 633 0.0884371562465
676 634 0.0900422431823
677 635 0.0785491825842
678 636 0.0815557304272
679 637 0.0929067175293
680 638 0.0879299940225
681 639 0.0798041822813
682 640 0.0899102567427
683 641 0.0958278979988
684 642 0.0861792535616
685 643 0.0852458233501
686 644 0.0983039820282
687 645 0.0998310426671
688 646 0.0908970737546
689 647 0.0968974935738
690 648 0.107721730626
691 649 0.103033408856
692 650 0.101412386478
693 651 0.0900431828924
694 652 0.0877216094494
695 653 0.0837319466194
696 654 0.0788827146816
697 655 0.0711543507654
698 656 0.0634108738543
699 657 0.0555702658482
700 658 0.0507175270881
701 659 0.0482233044638
702 660 0.0435333096759
703 661 0.0451873115341
704 662 0.0496668007703
705 663 0.0473525204312
706 664 0.0516859242328
707 665 0.0493180921571
708 666 0.0544541152304
709 667 0.0569050502621
710 668 0.0568451177324
711 669 0.054950182768
712 670 0.0509110836813
713 671 0.0562429087022
714 672 0.0566157927774
715 673 0.0526652771908
716 674 0.0530930352602
717 675 0.0521300711285
718 676 0.0485155980177
719 677 0.0560528228979
720 678 0.0580963642091
721 679 0.0631388043392
722 680 0.071099523266
723 681 0.0624392262296
724 682 0.0543157668151
725 683 0.0643316523227
726 684 0.0651007280685
727 685 0.0525757746448
728 686 0.0534399549104
729 687 0.0640965345198
730 688 0.0589453945145
731 689 0.0480921745867
732 690 0.0567222701986
733 691 0.0625664102488
734 692 0.052576000859
735 693 0.051149551015
736 694 0.0627080195767
737 695 0.0633301070011
738 696 0.0538318219229
739 697 0.058623911824
740 698 0.0680397389832
741 699 0.0607169427039
742 700 0.0498037211097
743 701 0.057980865509
744 702 0.0635207426252
745 703 0.0519381481619
746 704 0.0485108304163
747 705 0.0589536230517
748 706 0.0570258823844
749 707 0.0481132304935
750 708 0.0471156483794
751 709 0.0434252482473
752 710 0.0526604014848
753 711 0.0578065044476
754 712 0.0705279347478
755 713 0.0779823580469
756 714 0.0889428524511
757 715 0.0979271450725
758 716 0.100550241621
759 717 0.110540397213
760 718 0.11902984507
761 719 0.119029158023
762 720 0.108537841834
763 721 0.111921484086
764 722 0.122354370402
765 723 0.117994136548
766 724 0.111510656135
767 725 0.120595921901
768 726 0.126430333183
769 727 0.119580196523
770 728 0.119548106539
771 729 0.130855318668
772 730 0.132495119523
773 731 0.125113272962
774 732 0.122818980743
775 733 0.131948779202
776 734 0.126404774968
777 735 0.124193688149
778 736 0.117672990632
779 737 0.123214979319
780 738 0.117046174328
781 739 0.123402662158
782 740 0.114509349024
783 741 0.103690188012
784 742 0.108772738503
785 743 0.116652703993
786 744 0.108641587772
787 745 0.102902550706
788 746 0.112461875521
789 747 0.115450086922
790 748 0.104794147846
791 749 0.104659732404
792 750 0.114229467053
793 751 0.110112007719
794 752 0.106961743073
795 753 0.109210696758
796 754 0.112170278814
797 755 0.108651718438
798 756 0.098425833256
799 757 0.0938989025769
800 758 0.0856930223252
801 759 0.093649651931
802 760 0.0936672736862
803 761 0.0826042641125
804 762 0.0847472660802
805 763 0.0927872310335
806 764 0.0860908565649
807 765 0.0781047488328
808 766 0.0867332591684
809 767 0.0916473428747
810 768 0.0818284445245
811 769 0.083647285328
812 770 0.0927856125442
813 771 0.0876480215838
814 772 0.0862316536759
815 773 0.0753821310845
816 774 0.0688914404671
817 775 0.0632653844582
818 776 0.0544069277117
819 777 0.0580177398261
820 778 0.0552680089443
821 779 0.061882492496
822 780 0.0656599744139
823 781 0.0722081723157
824 782 0.0801167757754
825 783 0.0865276447253
826 784 0.0861096228034
827 785 0.0958090928764
828 786 0.0892668851369
829 787 0.0790116596876
830 788 0.0859564252092
831 789 0.0800570889012
832 790 0.0885180145045
833 791 0.0815767498849
834 792 0.0784672919863
835 793 0.0888938771148
836 794 0.0829378110957
837 795 0.0849792250572
838 796 0.072815986403
839 797 0.0623355117574
840 798 0.0508709069314
841 799 0.0407441669897
842 800 0.0346862869395
843 801 0.0308248559844
844 802 0.0213321228916
845 803 0.0204097273936
846 804 0.0186757175427
847 805 0.0194356633172
848 806 0.0246044216884
849 807 0.0250332801052
850 808 0.0303034218768
851 809 0.0273640652682
852 810 0.0251987886888
853 811 0.028152127725
854 812 0.0320016896758
855 813 0.0283511819181
856 814 0.0318416804018
857 815 0.0337451786235
858 816 0.0370681423594
859 817 0.0341795490306
860 818 0.0375492425691
861 819 0.0428884413752
862 820 0.0448868501194
863 821 0.041657387526
864 822 0.0388956790862
865 823 0.0387961206687
866 824 0.0427445611476
867 825 0.0391140819008
868 826 0.0394842020362
869 827 0.043554814475
870 828 0.0419094507994
871 829 0.0373077958096
872 830 0.0425879500232
873 831 0.0494533061326
874 832 0.0561387687133
875 833 0.0605444763413
876 834 0.0514645324359
877 835 0.0477426541593
878 836 0.0582457627051
879 837 0.0562595234435
880 838 0.0451878827461
881 839 0.0503131674299
882 840 0.059554984289
883 841 0.0518125803811
884 842 0.0433302426248
885 843 0.053500530437
886 844 0.0571390340869
887 845 0.0461866468451
888 846 0.0447641734275
889 847 0.0551173364195
890 848 0.0520849870953
891 849 0.0413766433474
892 850 0.0464390512989
893 851 0.0547648059105
894 852 0.0483467021631
895 853 0.0414153358737
896 854 0.0501190719516
897 855 0.0539490095742
898 856 0.0458022079976
899 857 0.0458841116631
900 858 0.0543589024144
901 859 0.0542646607247
902 860 0.0490107535489
903 861 0.0517916304875
904 862 0.0578905206862
905 863 0.0568414929863
906 864 0.0560655070774
907 865 0.0607837518013
908 866 0.0638718217111
909 867 0.0675515947208
910 868 0.0670522380559
911 869 0.0707338411659
912 870 0.0714110529873
913 871 0.0759888463389
914 872 0.0730119583151
915 873 0.0772685432078
916 874 0.08025783476
917 875 0.08660930195
918 876 0.0939386260876
919 877 0.0938020883277
920 878 0.100647816835
921 879 0.10941544862
922 880 0.115143929501
923 881 0.122574510226
924 882 0.11622339411
925 883 0.107945972296
926 884 0.101106068663
927 885 0.0919364183674
928 886 0.0853043505273
929 887 0.0770085883185
930 888 0.0701902295319
931 889 0.0665027494223
932 890 0.0618767112731
933 891 0.0575967475705
934 892 0.0597191514097
935 893 0.064381872045
936 894 0.0738327974387
937 895 0.0791609339953
938 896 0.0887605098635
939 897 0.0939061245077
940 898 0.102511175502
941 899 0.110944710177
942 900 0.111073451897
943 901 0.101688016673
944 902 0.103409805955
945 903 0.110805353932
946 904 0.117673426917
947 905 0.12730379162
948 906 0.12667967002
949 907 0.137408765443
950 908 0.137175777517
951 909 0.130346564708
952 910 0.134754352788
953 911 0.131127714627
954 912 0.136013882024
955 913 0.133452610162
956 914 0.139110858103
957 915 0.132745429137
958 916 0.123284567161
959 917 0.123873047974
960 918 0.120929986084
961 919 0.125037952986
962 920 0.121737159122
963 921 0.119959295951
964 922 0.110238358961
965 923 0.10812022482
966 924 0.105845448909
967 925 0.113276370479
968 926 0.122612402772
969 927 0.124550811333
970 928 0.127332064963
971 929 0.120115505811
972 930 0.12191573635
973 931 0.113016137893
974 932 0.114808158037
975 933 0.108086770604
976 934 0.101078470312
977 935 0.100852409075
978 936 0.0929542066497
979 937 0.0913884430095
980 938 0.0859334951063
981 939 0.0812270646369
982 940 0.0776107337037
983 941 0.071553153161
984 942 0.0717032175042
985 943 0.070082236897
986 944 0.0765303932031
987 945 0.0791460112727
988 946 0.087835337422
989 947 0.0954979977359
990 948 0.0995239063532
991 949 0.0916328757542
992 950 0.0854633575131
993 951 0.0775456217641
994 952 0.0708815270002
995 953 0.0738763547927
996 954 0.071885912656
997 955 0.0793054075438
998 956 0.0802494259545
999 957 0.0860928546796
1000 958 0.0897214427797
1001 959 0.0929330872607
