1 0 4.02974621423
2 1 0.189823822284
3 2 0.195441763502
4 3 0.196033612562
5 4 0.197462652203
6 5 0.204517532414
7 6 0.203349360404
8 7 0.210865516346
9 8 0.210719766533
10 9 0.213441817201
11 10 0.206114505639
12 11 0.200246111916
13 12 0.203806791431
14 13 0.203891569299
15 14 0.195107595994
16 15 0.191950579046
17 16 0.197253145026
18 17 0.194063055438
19 18 0.185383707421
20 19 0.188460744524
21 20 0.190682656885
22 21 0.182527763487
23 22 0.186778140105
24 23 0.184532573373
25 24 0.190548580682
26 25 0.185236077145
27 26 0.183553005148
28 27 0.17439992467
29 28 0.169565976737
30 29 0.16676438436
31 30 0.157880790673
32 31 0.159928472552
33 32 0.157040018223
34 33 0.162672718745
35 34 0.16084488295
36 35 0.156658993846
37 36 0.159375827888
38 37 0.154674844862
39 38 0.158919689268
40 39 0.155180553561
41 40 0.16049440463
42 41 0.16055597862
43 42 0.154629481492
44 43 0.14576093991
45 44 0.14456191095
46 45 0.153263355889
47 46 0.153366058769
48 47 0.160188945121
49 48 0.158561272842
50 49 0.16546143971
51 50 0.165888319222
52 51 0.174368295533
53 52 0.180005850787
54 53 0.173050883797
55 54 0.17129360468
56 55 0.164230257763
57 56 0.161401891985
58 57 0.153256453767
59 58 0.151417001158
60 59 0.142988151342
61 60 0.1424451362
62 61 0.135999952318
63 62 0.135621221043
64 63 0.129459384869
65 64 0.125436761234
66 65 0.117698002197
67 66 0.111455677655
68 67 0.108930426733
69 68 0.101563256506
70 69 0.0976131437556
71 70 0.0986641292025
72 71 0.0978436138538
73 72 0.0965321222524
74 73 0.103425365088
75 74 0.112334253727
76 75 0.11956781238
77 76 0.124376907183
78 77 0.131876199415
79 78 0.138275752738
80 79 0.147090253834
81 80 0.153256756925
82 81 0.160437923088
83 82 0.16811802109
84 83 0.176757076642
85 84 0.185619886821
86 85 0.185600543886
87 86 0.181485249988
88 87 0.188293878593
89 88 0.192667576627
90 89 0.187758648512
91 90 0.180545205802
92 91 0.180612871996
93 92 0.178196560156
94 93 0.169424387835
95 94 0.168246946347
96 95 0.158959098773
97 96 0.157848248492
98 97 0.163623558742
99 98 0.160568071541
100 99 0.161247260861
101 100 0.158441166974
102 101 0.150501372796
103 102 0.148655381417
104 103 0.149735965992
105 104 0.14497764695
106 105 0.137980627884
107 106 0.1380100052
108 107 0.137049251674
109 108 0.130660326541
110 109 0.125481112576
111 110 0.126536426308
112 111 0.124512552975
113 112 0.121036981743
114 113 0.11570340354
115 114 0.113411926359
116 115 0.109874086842
117 116 0.114851436898
118 117 0.114949556361
119 118 0.107395848252
120 119 0.108643649935
121 120 0.100782828153
122 121 0.104859684645
123 122 0.111912307621
124 123 0.107123944919
125 124 0.109663258282
126 125 0.104800609543
127 126 0.0983895678335
128 127 0.100802135606
129 128 0.108454711393
130 129 0.114691623764
131 130 0.115524277181
132 131 0.121911421274
133 132 0.126657452717
134 133 0.129718845447
135 134 0.137188829137
136 135 0.141023349075
137 136 0.149978469018
138 137 0.154135175292
139 138 0.163445202522
140 139 0.167981728033
141 140 0.17565907669
142 141 0.179363255676
143 142 0.177264359075
144 143 0.178227345395
145 144 0.171061778929
146 145 0.16199655598
147 146 0.160215905038
148 147 0.151424273877
149 148 0.149301514252
150 149 0.153820937629
151 150 0.149533788094
152 151 0.140928508432
153 152 0.142575422122
154 153 0.147037648739
155 154 0.13999530817
156 155 0.133397406612
157 156 0.138258251604
158 157 0.140304083985
159 158 0.131587532611
160 159 0.128753569613
161 160 0.136042115175
162 161 0.135858948897
163 162 0.132537360033
164 163 0.131018380058
165 164 0.132932763475
166 165 0.126197564523
167 166 0.122277811657
168 167 0.118463701816
169 168 0.113964697964
170 169 0.114407693939
171 170 0.108419209968
172 171 0.112828783697
173 172 0.12109663907
174 173 0.123258613995
175 174 0.128701603959
176 175 0.132776093914
177 176 0.135881477937
178 177 0.143770848473
179 178 0.14475150009
180 179 0.150148497379
181 180 0.143602479997
182 181 0.135771915744
183 182 0.134404819743
184 183 0.132219553527
185 184 0.123984754941
186 185 0.123117131507
187 186 0.119376577406
188 187 0.111422077223
189 188 0.11289139887
190 189 0.106071544162
191 190 0.111522402035
192 191 0.120407542673
193 192 0.124516402762
194 193 0.132725747107
195 194 0.138715448706
196 195 0.144258158712
197 196 0.150890374416
198 197 0.155055443494
199 198 0.163446086706
200 199 0.166402405519
201 200 0.175204074883
202 201 0.179042670964
203 202 0.186201084739
204 203 0.189173040629
205 204 0.189049515765
206 205 0.18231176941
207 206 0.1843060949
208 207 0.182164925857
209 208 0.174206289484
210 209 0.171350934464
211 210 0.174892693229
212 211 0.177270500289
213 212 0.173903236074
214 213 0.172565757754
215 214 0.168802397697
216 215 0.173973297963
217 216 0.170943485638
218 217 0.17085922079
219 218 0.163872624175
220 219 0.164643703358
221 220 0.158762477005
222 221 0.160985455123
223 222 0.169416473637
224 223 0.17630009129
225 224 0.180820281072
226 225 0.187202596676
227 226 0.180850969618
228 227 0.175599438629
229 228 0.182590056624
230 229 0.18445504361
231 230 0.175988015455
232 231 0.173094557652
233 232 0.163896440033
234 233 0.157670099905
235 234 0.149092281699
236 235 0.14377548364
237 236 0.13592961617
238 237 0.130062573337
239 238 0.123804864181
240 239 0.118960739115
241 240 0.115664614428
242 241 0.107626072982
243 242 0.112080598128
244 243 0.111628556157
245 244 0.118064842262
246 245 0.118237041052
247 246 0.124254954605
248 247 0.131117176191
249 248 0.137991885253
250 249 0.144920750659
251 250 0.147454807678
252 251 0.153534049275
253 252 0.161766974757
254 253 0.164985706833
255 254 0.159548050961
256 255 0.156044224601
257 256 0.152089656405
258 257 0.142768221243
259 258 0.14222972309
260 259 0.148243636765
261 260 0.143153328947
262 261 0.13573357484
263 262 0.140683691213
264 263 0.143065857419
265 264 0.134232294663
266 265 0.132179819685
267 266 0.139884650683
268 267 0.138159535178
269 268 0.129772095167
270 269 0.133531900509
271 270 0.139317407151
272 271 0.133138932835
273 272 0.128150754557
274 273 0.135430557377
275 274 0.138117778531
276 275 0.129912526455
277 276 0.12912827084
278 277 0.138062094381
279 278 0.13679503072
280 279 0.129767263863
281 280 0.134679818668
282 281 0.142167624855
283 282 0.136806138944
284 283 0.133482155437
285 284 0.14193157559
286 285 0.145219759192
287 286 0.138754139761
288 287 0.140685137415
289 288 0.149759465912
290 289 0.148882384603
291 290 0.143923852333
292 291 0.149726252872
293 292 0.156885698754
294 293 0.152266467114
295 294 0.151445382582
296 295 0.160382675939
297 296 0.162861945419
298 297 0.158301143623
299 298 0.161176103456
300 299 0.170022930865
301 300 0.16882076074
302 301 10.2095626068
303 301 10.2095626068
304 301 10.2095626068
305 301 10.2095626068
