1 0 41.9357312034
2 1 41.9221782891
3 2 41.9055051811
4 3 41.9257153877
5 4 41.9184693867
6 5 41.9361339538
7 6 41.9343164591
8 7 41.9158751934
9 8 41.9008083724
10 9 41.8754824141
11 10 41.865864645
12 11 41.8546850272
13 12 41.8455588511
14 13 41.83454595
15 14 41.8336507791
16 15 41.8279095819
17 16 41.8363567667
18 17 41.8485030233
19 18 41.8606315571
20 19 41.8820575932
21 20 41.8923828152
22 21 41.9179734261
23 22 41.9408065241
24 23 41.934251099
25 24 41.9062885968
26 25 41.9038714058
27 26 41.8837234321
28 27 41.8848066957
29 28 41.8824950489
30 29 41.8732041007
31 30 41.8610898797
32 31 41.8559192966
33 32 41.8589460926
34 33 41.8676719494
35 34 41.885295225
36 35 41.9058954808
37 36 41.9345774916
38 37 41.9531536085
39 38 41.9601364571
40 39 41.9512620613
41 40 41.9265201415
42 41 41.9015086032
43 42 41.8957655879
44 43 41.8756560558
45 44 41.8778271418
46 45 41.8636206165
47 46 41.8546917513
48 47 41.8653254816
49 48 41.8821596495
50 49 41.8871279243
51 50 41.8656597663
52 51 41.8699430074
53 52 41.8674681887
54 53 41.8853914787
55 54 41.8848221763
56 55 41.9082827435
57 56 41.9252353843
58 57 41.9516450818
59 58 41.9776098882
60 59 42.0178499501
61 60 42.0453109684
62 61 42.0888936017
63 62 42.0896062785
64 63 42.0752056322
65 64 42.0468059973
66 65 42.0520728979
67 66 42.0185204495
68 67 42.0223272885
69 68 42.0364041619
70 69 42.0558256324
71 70 42.0981451348
72 71 42.128777879
73 72 42.1823345953
74 73 42.2102218496
75 74 42.2691976606
76 75 42.3005320888
77 76 42.3178266639
78 77 42.3288921798
79 78 42.3399750277
80 79 42.308364915
81 80 42.3162029839
82 81 42.2766263078
83 82 42.2557471755
84 83 42.2697011116
85 84 42.248548363
86 85 42.2309949465
87 86 42.2137065639
88 87 42.1706034658
89 88 42.1770505937
90 89 42.2168756074
91 90 42.2033551808
92 91 42.1547512595
93 92 42.1448870927
94 93 42.1760709431
95 94 42.1563023823
96 95 42.1784430599
97 96 42.2046532711
98 97 42.2203980315
99 98 42.2792898025
100 99 42.2522205353
101 100 42.2143855816
102 101 42.259162513
103 102 42.2805957206
104 103 42.3326533764
105 104 42.3185200083
106 105 42.3523402036
107 106 42.3546701495
108 107 42.4277307775
109 108 42.428747844
110 109 42.3904272042
111 110 42.3761184016
112 111 42.4269684463
113 112 42.3812941921
114 113 42.4141078961
115 114 42.3877007715
116 115 42.3777196965
117 116 42.3529361857
118 117 42.2938826968
119 118 42.2515026621
120 119 42.2018189812
121 120 42.1661336778
122 121 42.1146649898
123 122 42.0862643464
124 123 42.0754672871
125 124 42.0521235749
126 125 42.0348001871
127 126 42.0139475983
128 127 42.0035291725
129 128 42.0189170301
130 129 42.0544913192
131 130 42.0972148029
132 131 42.0872804009
133 132 42.1145534175
134 133 42.1364704438
135 134 42.1631401189
136 135 42.2026443413
137 136 42.1933094042
138 137 42.157409978
139 138 42.1423641165
140 139 42.1417122932
141 140 42.1848234035
142 141 42.2196384256
143 142 42.2378711019
144 143 42.2319772738
145 144 42.1815645772
146 145 42.2066606377
147 146 42.2110267851
148 147 42.264004946
149 148 42.3091845575
150 149 42.305982461
151 150 42.3730565987
152 151 42.3930250291
153 152 42.3489538428
154 153 42.3209674179
155 154 42.2681931799
156 155 42.229046873
157 156 42.1967771567
158 157 42.143447149
159 158 42.0988912839
160 159 42.0627198112
161 160 42.0336429623
162 161 42.0651914769
163 162 42.0783098669
164 163 42.0344962474
165 164 42.0258024153
166 165 42.0663603304
167 166 42.0595286593
168 167 42.0166208733
169 168 42.0055811687
170 169 42.0194492042
171 170 42.0047775616
172 171 42.0365589164
173 172 42.0658173173
174 173 42.1070745579
175 174 42.1251787806
176 175 42.115438229
177 176 42.1393061948
178 177 42.1851645492
179 178 42.1887098295
180 179 42.1873291871
181 180 42.2400430785
182 181 42.2738307135
183 182 42.2774845757
184 183 42.2648762117
185 184 42.2463557929
186 185 42.2063141486
187 186 42.1863718632
188 187 42.1373588881
189 188 42.1234252338
190 189 42.07712887
191 190 42.1038826404
192 191 42.1196357444
193 192 42.1664472522
194 193 42.182354809
195 194 42.2326238771
196 195 42.2593211358
197 196 42.3139803532
198 197 42.3425683023
199 198 42.4060040087
200 199 42.4327885677
201 200 42.428444813
202 201 42.4122640193
203 202 42.3494065417
204 203 42.3320833923
205 204 42.3486329454
206 205 42.3097983732
207 206 42.258360467
208 207 42.2682363239
209 208 42.2705204703
210 209 42.216571677
211 210 42.1844530485
212 211 42.2057629238
213 212 42.1927843497
214 213 42.1402093531
215 214 42.128445732
216 215 42.1475306779
217 216 42.1204569931
218 217 42.0756349508
219 218 42.0634163967
220 219 42.0470330394
221 220 42.0492726215
222 221 42.0978908207
223 222 42.1167915452
224 223 42.1308794594
225 224 42.1586056614
226 225 42.1863210014
227 226 42.2033909607
228 227 42.2200809931
229 228 42.2594522139
230 229 42.2812214558
231 230 42.3017709811
232 231 42.3257359442
233 232 42.3640871995
234 233 42.3950823991
235 234 42.4211293656
236 235 42.4606458483
237 236 40.8737868971
238 236 40.8737868971
239 236 40.8737868971
240 236 40.8737868971
