1 0 43.5418452855
2 0 43.5418452855
3 0 43.5418452855
4 0 43.5418452855
5 0 43.5418452855
6 1 42.9237526575
7 1 42.9237526575
8 1 42.9237526575
9 2 43.7109641375
10 3 43.7512471385
11 4 43.7000458296
12 5 43.7640886467
13 6 43.694652095
14 7 43.7129149661
15 8 43.7631083324
16 9 43.8601405658
17 10 43.7856865535
18 11 43.7718854371
19 12 43.6810465431
20 13 43.6834158986
21 14 43.6151761778
22 15 43.6435872244
23 16 43.58316991
24 17 43.5981437227
25 18 43.5410606411
26 19 43.5059578334
27 20 43.5024432111
28 21 43.4330391999
29 22 43.3939647604
30 23 43.4159433866
31 24 43.3556107287
32 25 43.392109134
33 26 43.3615918632
34 27 43.4086330828
35 28 43.4333032714
36 29 43.4572348588
37 30 43.4919262781
38 31 43.5403110568
39 32 43.6623231051
40 33 43.7031553324
41 34 43.8317473605
42 35 43.8741860035
43 36 43.9903448985
44 37 43.9929851354
45 38 44.0308661019
46 39 44.1233807289
47 40 44.2445828313
48 41 44.2266118111
49 42 44.3708086534
50 43 44.4305828034
51 44 44.5414247613
52 45 44.4474848646
53 46 44.4394248412
54 47 44.3470031686
55 48 44.2288930908
56 49 44.1868574447
57 50 44.1732634484
58 51 44.0798502631
59 52 44.008081563
60 53 43.876019245
61 54 43.804260231
62 55 43.7154545941
63 56 43.5919710524
64 57 43.6180357413
65 58 43.696025259
66 59 43.8056012835
67 60 43.9157185959
68 61 43.9767136218
69 62 44.0957139812
70 63 44.2220809749
71 64 44.280741624
72 65 44.3926339474
73 66 44.5196728669
74 67 44.6155808908
75 68 44.7363200945
76 69 44.7017104756
77 70 44.797852037
78 71 44.9373399621
79 72 45.0100565988
80 73 45.1543356181
81 74 45.1563207379
82 75 45.0986792115
83 76 44.9612091825
84 77 44.9945788248
85 78 44.8588181925
86 79 44.7340391155
87 80 44.5808541933
88 81 44.5290512029
89 82 44.4180612358
90 83 44.3622176238
91 84 44.3149346896
92 85 44.1989815814
93 86 44.2816702422
94 87 44.3802922227
95 88 44.2654277127
96 89 44.204011858
97 90 44.3337138682
98 91 44.4056379714
99 92 44.2964498423
100 93 44.3761574008
101 94 44.49498671
102 95 44.4012345289
103 96 44.3628885945
104 97 44.5061341127
105 98 44.5394027182
106 99 44.6863205104
107 100 44.6549213712
108 101 44.5550179561
109 102 44.5315895659
110 103 44.4812025118
111 104 44.3969046094
112 105 44.3091902133
113 106 44.1985825018
114 107 44.1375541446
115 108 43.9958505925
116 109 44.0009348698
117 110 44.0790808981
118 111 43.9910450341
119 112 43.8862800801
120 113 43.9497430005
121 114 43.9895356633
122 115 43.8598316445
123 116 43.8147424451
124 117 43.9193035394
125 118 43.9301769556
126 119 43.8454310353
127 120 43.9172212721
128 121 44.0313272009
129 122 43.9556090994
130 123 43.9129903363
131 124 44.0435029441
132 125 44.0857487549
133 126 43.9839441158
134 127 44.0173549207
135 128 44.1503589306
136 129 44.1017324446
137 130 44.0106846527
138 131 44.09581318
139 132 44.2034542884
140 133 44.2920592293
141 134 44.4325007488
142 135 44.4884065204
143 136 44.4056181054
144 137 44.3359490331
145 138 44.2484780217
146 139 44.1661545074
147 140 44.0757430643
148 141 44.1033556324
149 142 43.9879056731
150 143 44.0565655424
151 144 43.9423367796
152 145 43.8837877378
153 146 43.9985667662
154 147 44.0103105154
155 148 44.1519166321
156 149 44.1566199202
157 150 44.0375458141
158 151 44.0638662692
159 152 43.9712360545
160 153 43.9721845923
161 154 44.0469704644
162 155 43.9993982
163 156 44.0255095909
164 157 44.0695730693
165 158 44.0404355958
166 159 43.986668654
167 160 44.0995354265
168 161 44.1902570266
169 162 44.1098267419
170 163 44.1060578116
171 164 44.2496991156
172 165 44.266599128
173 166 44.1783855843
174 167 44.2588857019
175 168 44.3819216629
176 169 44.3247935445
177 170 44.297848171
178 171 44.4401131254
179 172 44.4880259743
180 173 44.4026340631
181 174 44.4407388416
182 175 44.5893330122
183 176 44.5880864077
184 177 44.4992277438
185 178 44.595256281
186 179 44.732541467
187 180 44.7615620221
188 181 44.7469054728
189 182 44.8524817559
190 183 44.7468782696
191 184 44.7491219528
192 185 44.6355320033
193 186 44.6580349719
194 187 44.5588707757
195 188 44.5584143282
196 189 44.5068833429
197 190 44.5372857406
198 191 44.4688311261
199 192 44.5709116962
200 193 44.4871176543
201 194 44.5068792915
202 195 44.6566079898
203 196 44.6871830234
204 197 44.6102274719
205 198 44.6977049507
206 199 44.8357446298
207 200 44.8239916586
208 201 44.7971521207
209 202 44.7147727572
210 203 44.6395905986
211 204 44.6715539741
212 205 44.7705726172
213 206 44.6954107043
214 207 44.7683984021
215 208 44.7087563212
216 209 44.7520965106
217 210 44.697457468
218 211 44.6587503515
219 212 44.7926099036
220 213 44.8813684537
221 214 44.8175549678
222 215 44.8414804014
223 216 45.0006177679
224 217 45.0115301885
225 218 44.9614936574
226 219 45.0608631799
227 220 44.9899773134
228 221 44.9892362459
229 222 45.0507653777
230 223 44.9322095855
231 224 44.807781093
232 225 44.8622648434
233 226 44.8056346025
234 227 44.6557115786
235 228 44.6560888258
236 229 44.5523346615
237 230 44.6126118698
238 231 43.625664222
239 231 43.625664222
240 231 43.625664222
241 231 43.625664222
242 231 43.625664222
243 232 43.2322752963
244 232 43.2322752963
245 232 43.2322752963
246 232 43.2322752963
247 232 43.2322752963
248 233 43.2790588649
249 234 44.8899125234
250 235 44.8083215888
251 236 44.7313335797
252 237 44.7385278193
253 238 44.5894698891
254 239 44.47763769
255 240 44.33834619
256 241 44.224074583
257 242 44.1634850217
258 243 44.0432210775
259 244 43.924708224
260 245 43.8789354181
261 246 43.7867150586
262 247 43.7008058634
263 248 43.7189422894
264 249 43.7044532381
265 250 43.5993793259
266 251 43.5465086462
267 252 43.5896921347
268 253 43.5330982709
269 254 43.4282822267
270 255 43.4315655007
271 256 43.4592825326
272 257 43.5731078287
273 258 43.6451315401
274 259 43.6295210366
275 260 43.6694422038
276 261 43.6970302323
277 262 43.7864708221
278 263 43.8987137048
279 264 43.9645443014
280 265 44.1042171485
281 266 44.1622325671
282 267 44.2951923509
283 268 44.3218744213
284 269 44.3095488303
285 270 44.3223766924
286 271 44.3073860727
287 272 44.1686325174
288 273 44.0506193671
289 274 43.9145456973
290 275 43.8057291434
291 276 43.6863827789
292 277 43.5969314897
293 278 43.4718217262
294 279 43.4467669595
295 280 43.5288391279
296 281 43.5257983369
297 282 43.651354018
298 283 43.7333503544
299 284 43.7909208429
300 285 43.9262249534
301 286 44.0148129247
302 287 44.139248169
303 288 44.2571569701
304 289 44.3202321717
305 290 44.2707903026
306 291 44.1360153816
307 292 44.1374259562
308 293 44.1835147168
309 294 44.2455780706
310 295 44.1308194473
311 296 44.1389683609
312 297 44.0689079654
313 298 43.9433162307
314 299 43.9395116824
315 300 43.8217512581
316 301 43.8547497811
317 302 43.7900731779
318 303 43.8143594777
319 304 43.7982594396
320 305 43.7826048038
321 306 43.8876234159
322 307 43.8707126022
323 308 43.8483449794
324 309 43.9752012224
325 310 44.0294413704
326 311 43.9660329549
327 312 44.0278076833
328 313 44.0307043907
329 314 44.0616891022
330 315 44.2417868451
331 315 44.2417868451
332 315 44.2417868451
333 315 44.2417868451
334 315 44.2417868451
335 316 43.9035011429
336 316 43.9035011429
337 316 43.9035011429
338 316 43.9035011429
339 316 43.9035011429
340 317 44.5479445699
341 317 44.5479445699
342 317 44.5479445699
343 317 44.5479445699
344 317 44.5479445699
345 318 45.0792975799
346 318 45.0792975799
347 318 45.0792975799
348 318 45.0792975799
349 318 45.0792975799
350 319 43.6245273948
351 319 43.6245273948
352 319 43.6245273948
353 319 43.6245273948
354 319 43.6245273948
355 320 42.6634229095
356 320 42.6634229095
357 320 42.6634229095
358 320 42.6634229095
359 320 42.6634229095
360 321 43.1895533994
361 321 43.1895533994
362 321 43.1895533994
363 321 43.1895533994
364 322 43.7587068319
365 323 43.7287356926
366 324 43.6039154091
367 325 43.540417677
368 326 43.4646578283
369 327 43.5619161423
370 328 43.6003456155
371 329 43.4879537204
372 330 43.4962071004
373 331 43.6123962614
374 332 43.5597263338
375 333 43.4788586388
376 334 43.5730531444
377 335 43.6323216144
378 336 43.5337360026
379 337 43.5342854648
380 338 43.6604917635
381 339 43.6462310122
382 340 43.5640156965
383 341 43.6441241732
384 342 43.7422688141
385 343 43.8324455789
386 344 43.8644670865
387 345 43.8408574168
388 346 43.8172952971
389 347 43.9065367854
390 348 43.8983783582
391 349 43.9734098368
392 350 43.9596665886
393 351 43.9503917341
394 352 43.923974713
395 353 43.9409103976
396 354 43.8287874459
397 355 43.8691460319
398 356 43.9968822081
399 357 44.0083850069
400 358 44.1303178514
401 359 44.1662853722
402 360 44.2807718565
403 361 44.3394455507
404 362 44.4389449574
405 363 44.5618917455
406 364 44.7172450847
407 365 44.8362598596
408 366 44.8953790957
409 367 45.0588572133
410 368 45.0823466869
411 369 45.0447049353
412 370 45.1340967519
413 371 45.2998528441
414 372 45.391904677
415 373 45.5191220914
416 374 45.4112861387
417 375 45.4165964793
418 376 45.3110788635
419 377 45.1423148897
420 378 45.0971734416
421 379 44.9605574186
422 380 44.9179882017
423 381 44.7950727673
424 382 44.69955588
425 383 44.6304262275
426 384 44.4854622633
427 385 44.432450202
428 386 44.3170585575
429 387 44.3626394145
430 388 44.2580491045
431 389 44.3164387893
432 390 44.4345187856
433 391 44.5562718122
434 392 44.5753720809
435 393 44.6954961528
436 394 44.7565489448
437 395 44.8576621961
438 396 44.9562109193
439 397 45.1087657955
440 398 45.0918797545
441 399 45.0751051014
442 400 45.1833477531
443 401 45.0984865062
444 402 44.9537119093
445 403 45.0195370475
446 404 44.9636478058
447 405 44.8303473486
448 406 44.6721017115
449 407 44.6399663169
450 408 44.5104795324
451 409 44.4991550187
452 410 44.3927291233
453 411 44.3734680953
454 412 44.3787558593
455 413 44.3521059509
456 414 44.3773073085
457 415 44.4179600078
458 416 44.3895028757
459 417 44.540942705
460 418 44.5903619092
461 419 44.5857866872
462 420 44.5590478941
463 421 44.4699465556
464 422 44.5398455988
465 423 44.527406937
466 424 44.6031061048
467 425 44.6518091058
468 426 44.5656377497
469 427 44.6024825675
470 428 44.7019808151
471 429 44.6202640758
472 430 44.7510543986
473 431 44.8399192859
474 432 44.7725772698
475 433 44.7297751282
476 434 44.7149403533
477 435 44.5864243018
478 436 44.5747387983
479 437 44.5911554834
480 438 44.5152892967
481 439 44.3935341916
482 440 44.3851585575
483 441 44.3969519532
484 442 44.2981041968
485 443 44.1967880715
486 444 44.2042707686
487 445 44.2053301379
488 446 44.0756414758
489 447 44.0316915501
490 448 44.0337997574
491 449 44.0484197338
492 450 44.1376593707
493 451 44.179456584
494 452 44.1486998603
495 453 44.0317490911
496 454 44.0504688866
497 455 44.0453469787
498 456 43.9220161058
499 457 43.8737025894
500 458 43.9246100774
501 459 43.8773678336
502 460 43.7512136704
503 461 43.7767389375
504 462 43.735846199
505 463 43.8134060352
506 464 43.8194910402
507 465 43.8881037791
508 466 43.9048433074
509 467 43.8547181943
510 468 43.73340985
511 469 43.6374195491
512 470 43.5123861019
513 471 43.4582031209
514 472 43.431111774
515 473 43.3261206691
516 474 43.2626244196
517 475 43.2140274171
518 476 43.312317278
519 477 43.3136330952
520 478 43.420729028
521 479 43.3959461373
522 480 43.2907810812
523 481 43.3396788814
524 482 43.4146972825
525 483 43.3389336462
526 484 43.22738243
527 485 43.2006773281
528 486 43.2377647252
529 487 43.1333074892
530 488 43.1037729914
531 489 43.1879711081
532 490 43.1528179534
533 491 43.2084250748
534 492 43.2419138295
535 493 43.3314253152
536 494 43.2738046338
537 495 43.280601506
538 496 43.3699804762
539 497 43.4288714764
540 498 43.5339026775
541 499 43.6060597256
542 500 43.6647767268
543 501 43.7624979626
544 502 43.892476061
545 503 43.9922170189
546 504 44.0425646471
547 505 43.9191747372
548 506 43.9042215304
549 507 43.8103945725
550 508 43.7020384053
551 509 43.5961565747
552 510 43.5181290969
553 511 43.4805580616
554 512 43.4037586806
555 513 43.3326589635
556 514 43.2494415726
557 515 43.1666183032
558 516 43.0871173645
559 517 42.9897698158
560 518 42.9186982097
561 519 42.8633689704
562 520 42.9371052446
563 521 42.9728661326
564 522 43.0674543129
565 523 43.0921101378
566 524 43.1786946918
567 525 43.226045409
568 526 43.306400059
569 527 43.3572659807
570 528 43.4177218972
571 529 43.4939913009
572 530 43.4395543834
573 531 43.5160249532
574 532 43.4302385801
575 533 43.4372730912
576 534 43.5550686791
577 535 43.5578696201
578 536 43.4833562149
579 537 43.452516626
580 538 43.5169730023
581 539 43.6211056602
582 540 43.7339107009
583 541 43.7296812723
584 542 43.6200214841
585 543 43.6694015009
586 544 43.7768256043
587 545 43.7033546933
588 546 43.6313669132
589 547 43.7369821502
590 548 43.8003867594
591 549 43.6895655314
592 550 43.746035543
593 551 43.8551876462
594 552 43.9493065125
595 553 44.0058119888
596 554 44.1422582708
597 555 44.2300633403
598 556 44.315704727
599 557 44.2286419504
600 558 44.0901798771
601 559 44.0454709471
602 560 43.9342898888
603 561 43.8254106837
604 562 43.8110585866
605 563 43.9043767693
606 564 43.9576261938
607 565 43.9054692567
608 566 43.7815899052
609 567 43.7866455918
610 568 43.8646208525
611 569 43.8214387821
612 570 43.7153688552
613 571 43.633707323
614 572 43.6874222452
615 573 43.612057105
616 574 43.707215195
617 575 43.6820196435
618 576 43.6702254851
619 577 43.6397124787
620 578 43.5345016523
621 579 43.5213099486
622 580 43.4362448543
623 581 43.3849030327
624 582 43.2981271609
625 583 43.2428392115
626 584 43.1756035817
627 585 43.1163551249
628 586 43.0645972442
629 587 42.9954374658
630 588 43.0130019091
631 589 42.9946605261
632 590 43.0668748745
633 591 43.0771353304
634 592 43.1072933587
635 593 43.0170110026
636 594 42.9914067624
637 595 42.8989078216
638 596 42.9122002021
639 597 42.9880060865
640 598 43.0069315056
641 599 43.0822404778
642 600 43.121377612
643 601 43.2134881889
644 602 43.2540815337
645 603 43.3440968114
646 604 43.3926291096
647 605 43.4856028738
648 606 43.5423644023
649 607 43.5592365586
650 608 43.6618302963
651 609 43.725533587
652 610 43.7505704718
653 611 43.835530279
654 612 43.8025879155
655 613 43.8858325526
656 614 43.8492865683
657 615 43.7189789256
658 616 43.7313928073
659 617 43.7973436673
660 618 43.7056528385
661 619 43.6123725535
662 620 43.6765246225
663 621 43.72486461
664 622 43.6090873682
665 623 43.6529825636
666 624 43.6009887554
667 625 43.4757202934
668 626 43.4532076653
669 627 43.361241088
670 628 43.4341523241
671 629 43.4832049364
672 630 43.3740072951
673 631 43.3403326715
674 632 43.4395007462
675 633 43.4184589358
676 634 43.3058839475
677 635 43.3486495998
678 636 43.4204885835
679 637 43.3336277937
680 638 43.2639397075
681 639 43.3564588213
682 640 43.3685497823
683 641 43.2546647766
684 642 43.2556118469
685 643 43.3540286695
686 644 43.3123019607
687 645 43.213587269
688 646 43.2689704468
689 647 43.3454358359
690 648 43.2583478508
691 649 43.2036494715
692 650 43.2957799613
693 651 43.368091119
694 652 43.481805085
695 653 43.5851041553
696 654 43.6815245556
697 655 43.7964311727
698 656 43.9021304605
699 657 43.9593039876
700 658 44.0640318353
701 659 44.1811547534
702 660 44.2057326422
703 661 44.3381490217
704 662 44.3876592675
705 663 44.4874021639
706 664 44.6005304861
707 665 44.5654238276
708 666 44.7111534737
709 667 44.7894156307
710 668 44.7347058761
711 669 44.7163223143
712 670 44.602880791
713 671 44.6545642956
714 672 44.5353822984
715 673 44.4181241575
716 674 44.3069066305
717 675 44.1689099235
718 676 44.0469910142
719 677 43.965446473
720 678 43.8290623987
721 679 43.7767606126
722 680 43.6515233903
723 681 43.636776643
724 682 43.6621401894
725 683 43.5621334662
726 684 43.4962932226
727 685 43.5167790003
728 686 43.5058259834
729 687 43.3950232424
730 688 43.3485769727
731 689 43.3999838198
732 690 43.3468652391
733 691 43.2453650721
734 692 43.255543951
735 693 43.2792287114
736 694 43.1899587255
737 695 43.1129785888
738 696 43.1524885856
739 697 43.1497970819
740 698 43.0443103915
741 699 43.0211023881
742 700 43.0746521443
743 701 43.0335509423
744 702 42.9367028303
745 703 42.9562541435
746 704 43.0083444698
747 705 42.9796059196
748 706 43.0313004826
749 707 43.1260221685
750 708 43.1491314527
751 709 43.2602176285
752 710 43.2633864258
753 711 43.3412921882
754 712 43.3273620782
755 713 43.3963667196
756 714 43.3882214934
757 715 43.3937768311
758 716 43.5038269599
759 717 43.5093105378
760 718 43.5462527265
761 719 43.6467561798
762 720 43.697576527
763 721 43.7009295875
764 722 43.7312931521
765 723 43.858927554
766 724 43.8573805522
767 725 43.7988637107
768 726 43.8917962934
769 727 43.9948208523
770 728 43.9261783181
771 729 43.8968480212
772 730 44.0264119958
773 731 44.1044884322
774 732 44.0211163561
775 733 43.9290396988
776 734 43.8187796164
777 735 43.7212703461
778 736 43.6319092611
779 737 43.5114283133
780 738 43.4706101252
781 739 43.3587997141
782 740 43.3236911536
783 741 43.3712941725
784 742 43.3566830923
785 743 43.4068651583
786 744 43.5002194688
787 745 43.5136253738
788 746 43.5093145647
789 747 43.5933291976
790 748 43.6688833906
791 749 43.6594612492
792 750 43.6989749051
793 751 43.7978177006
794 752 43.8889699511
795 753 44.0154510735
796 754 44.0470817044
797 755 44.1881500017
798 756 44.1648894583
799 757 44.0537045472
800 758 44.0815434474
801 759 44.0516594353
802 760 43.9152805061
803 761 43.9419364904
804 762 44.0170724049
805 763 43.9129267907
806 764 43.8257715615
807 765 43.9070035558
808 766 43.9213951058
809 767 43.7902221569
810 768 43.7688193131
811 769 43.8355644196
812 770 43.744395019
813 771 43.6408509874
814 772 43.5760997787
815 773 43.5977586208
816 774 43.508537701
817 775 43.475279235
818 776 43.4144263119
819 777 43.3182609079
820 778 43.2209569585
821 779 43.1196335572
822 780 43.082369177
823 781 43.1601241134
824 782 43.1271131219
825 783 43.0394853056
826 784 43.0214729787
827 785 43.062945046
828 786 43.15560575
829 787 43.165998475
830 788 43.2018751854
831 789 43.3018316853
832 790 43.3518913438
833 791 43.4396862416
834 792 43.3615668573
835 793 43.2675068549
836 794 43.196404034
837 795 43.1167167435
838 796 43.1498011755
839 797 43.2420200677
840 798 43.3065346864
841 799 43.3995286651
842 800 43.3750346181
843 801 43.4409900781
844 802 43.5495613649
845 803 43.5404184922
846 804 43.6601551084
847 805 43.7132874369
848 806 43.6193730375
849 807 43.5642036785
850 808 43.4680379657
851 809 43.4353768682
852 810 43.4414003586
853 811 43.357783435
854 812 43.2915940943
855 813 43.2999879715
856 814 43.2646930227
857 815 43.1765258473
858 816 43.146216582
859 817 43.1520934273
860 818 43.0822790786
861 819 43.0224015249
862 820 43.0049094922
863 821 42.9981865157
864 822 43.0895031425
865 823 43.1300192739
866 824 43.0982151155
867 825 43.1501821638
868 826 43.2247994191
869 827 43.1952373359
870 828 43.2852524298
871 829 43.2386970844
872 830 43.1391937365
873 831 43.180150882
874 832 43.1783787433
875 833 43.2648950318
876 834 43.3325779327
877 835 43.3093234447
878 836 43.3466547576
879 837 43.4519965686
880 838 43.4663134018
881 839 43.4456913321
882 840 43.521637785
883 841 43.6113622469
884 842 43.6058681455
885 843 43.6040534677
886 844 43.7153597548
887 845 43.7672804318
888 846 43.7311065515
889 847 43.7987583195
890 848 43.9043901118
891 849 43.900847088
892 850 43.9091047449
893 851 44.0050478957
894 852 44.0840194924
895 853 44.0628384896
896 854 44.1049379266
897 855 44.2166367895
898 856 44.2570354228
899 857 44.2593648999
900 858 44.3381751587
901 859 44.445545131
902 860 44.4638768556
903 861 44.4634312812
904 862 44.5624092397
905 863 44.6531699949
906 864 44.6468194698
907 865 44.7057670147
908 866 44.8064202168
909 867 44.9437606622
910 868 44.890453745
911 869 44.8869826839
912 870 44.8018277842
913 871 44.7527940675
914 872 44.5952831203
915 873 44.4791450123
916 874 44.427164222
917 875 44.3184357037
918 876 44.3177618081
919 877 44.1961176615
920 878 44.2336001486
921 879 44.3186684064
922 880 44.3720674597
923 881 44.4848201207
924 882 44.5529419517
925 883 44.5545055108
926 884 44.462372582
927 885 44.3849790648
928 886 44.3915958459
929 887 44.3127213534
930 888 44.3718352398
931 889 44.2613539025
932 890 44.3548192161
933 891 44.3784095361
934 892 44.2587382814
935 893 44.340787556
936 894 44.3337705639
937 895 44.463659134
938 896 44.5068633255
939 897 44.6245946562
940 898 44.6766752688
941 899 44.7338781582
942 900 44.8821706389
943 901 44.8861387365
944 902 44.7973361905
945 903 44.9062647708
946 904 45.0424613196
947 905 45.0399116338
948 906 44.8906808874
949 907 44.8980912398
950 908 44.9000436405
951 909 44.7640630897
952 910 44.6257489622
953 911 44.4767835989
954 912 44.3666227778
955 913 44.2350131507
956 914 44.1638570418
957 915 44.2172787786
958 916 44.2451077239
959 917 44.3828839377
960 918 44.509595534
961 919 44.641749797
962 920 44.780251008
963 921 44.9283299277
964 922 44.9493859111
965 923 45.0772306456
966 924 45.1481491431
967 925 45.1247618707
968 926 45.1313036249
969 927 45.0047736722
970 928 44.8716590284
971 929 44.7499497464
972 930 44.5983949673
973 931 44.5128363828
974 932 44.3633645012
975 933 44.2524333487
976 934 44.1994313303
977 935 44.3308434294
978 936 44.3828166445
979 937 44.5249693197
980 938 44.6377596417
981 939 44.6665560884
982 940 44.7797758917
983 941 44.7200940373
984 942 44.8015452638
985 943 44.7671500185
986 944 44.834824918
987 945 44.7944003814
988 946 44.7858622975
989 947 44.8885634233
990 948 44.7757730295
991 949 44.637929844
992 950 44.7013452494
993 951 44.5931600933
994 952 44.6308752002
995 953 44.5975429055
996 954 44.6189288171
997 955 44.7153319363
998 956 44.6911998089
999 957 44.7900701742
1000 958 44.7315696673
1001 959 44.8164701571
