1 0 42.6587911933
2 1 42.5976837964
3 2 42.602969705
4 3 42.5571762177
5 4 42.5182036622
6 5 42.5779051226
7 6 42.6431813029
8 7 42.6044221052
9 8 42.5884617277
10 9 42.6728581991
11 10 42.7050809693
12 11 42.6507295276
13 12 42.6666699196
14 13 42.7573627642
15 14 42.7560592084
16 15 42.6959778783
17 16 42.7491795046
18 17 42.7886831757
19 18 42.8773832612
20 19 42.8494739026
21 20 42.8797809049
22 21 42.8922497705
23 22 42.8858339483
24 23 42.9802908233
25 24 43.018704976
26 25 43.030770066
27 26 43.0248302537
28 27 42.9491959824
29 28 43.021742847
30 29 43.0765573792
31 30 43.0674891568
32 31 43.0793120579
33 32 43.1712906886
34 33 43.1653397896
35 34 43.232877156
36 35 43.2525904486
37 36 43.3012551368
38 37 43.3349458999
39 38 43.3821179966
40 39 43.3432219067
41 40 43.2913397144
42 41 43.381274177
43 42 43.3045253777
44 43 43.2699619005
45 44 43.3283715387
46 45 43.2955892751
47 46 43.2344007427
48 47 43.2058190965
49 48 43.155854824
50 49 43.1200212569
51 50 43.0968386043
52 51 43.0455507477
53 52 43.0559152066
54 53 42.9602902185
55 54 42.9813354903
56 55 42.9397717819
57 56 42.9901295189
58 57 42.9928697973
59 58 43.050727161
60 59 43.0756746058
61 60 43.1238563742
62 61 43.1730140052
63 62 43.1867747632
64 63 43.2298013997
65 64 43.2175448449
66 65 43.2743011508
67 66 43.2038712411
68 67 43.2115368913
69 68 43.1837313959
70 69 43.159989274
71 70 43.0719041821
72 71 43.0513107293
73 72 43.0137472683
74 73 42.9993199311
75 74 43.0927796171
76 75 43.0557878168
77 76 42.9717197418
78 77 42.9344083859
79 78 42.8828512909
80 79 42.8370993935
81 80 42.8090209775
82 81 42.7733608309
83 82 42.771723764
84 83 42.6867129241
85 84 42.6475341937
86 85 42.6151435962
87 86 42.6621823637
88 87 42.5927059923
89 88 42.5771019058
90 89 42.5617107949
91 90 42.6306371237
92 91 42.6860929409
93 92 42.6674133773
94 93 42.6645767856
95 94 42.7483222915
96 95 42.7795669952
97 96 42.7499277204
98 97 42.7819659096
99 98 42.8711109457
100 99 42.884801986
101 100 42.8705801847
102 101 42.9337087315
103 102 43.0087975037
104 103 42.9947891663
105 104 43.0801405669
106 105 43.0821007439
107 106 43.0322872393
108 107 43.0777298074
109 108 43.1571974324
110 109 43.2566269933
111 110 43.2386926993
112 111 43.3455906812
113 112 43.3937160206
114 113 43.3303906936
115 114 43.3767222361
116 115 43.4590359506
117 116 43.4861672477
118 117 43.4481378392
119 118 43.3622604422
120 119 43.3404492263
121 120 43.3066013996
122 121 43.2763492007
123 122 43.1648473031
124 123 43.1474876927
125 124 43.0690307657
126 125 43.0457873439
127 126 42.9911930225
128 127 42.9503306788
129 128 42.9245505205
130 129 42.883806352
131 130 42.8967661675
132 131 42.8615309796
133 132 42.8263860436
134 133 42.7780603621
135 134 42.7591686249
136 135 42.7551458649
137 136 42.8345126638
138 137 42.8460431085
139 138 42.9254191627
140 139 42.9648400802
141 140 42.9634624865
142 141 43.0052863432
143 142 43.0914404378
144 143 43.1072764924
145 144 43.100739835
146 145 43.173536445
147 146 43.2478796727
148 147 43.2353670602
149 148 43.2539204369
150 149 43.3499394023
151 150 43.3994299325
152 151 43.3716086024
153 152 43.4568744533
154 153 43.4418361924
155 154 43.5118899258
156 155 43.6061790552
157 156 43.6170659874
158 157 43.7249517188
159 158 43.7061375411
160 159 43.7182645734
161 160 43.6224598385
162 161 43.6115886211
163 162 43.531828409
164 163 43.5299902458
165 164 43.6489196774
166 165 43.7015437129
167 166 43.5850648881
168 167 43.6203724671
169 168 43.537849583
170 169 43.5157139737
171 170 43.5916101696
172 171 43.607569144
173 172 43.7016803975
174 173 43.6961177486
175 174 43.7123337525
176 175 43.7208199992
177 176 43.612865452
178 177 43.5980111878
179 178 43.5333057659
180 179 43.4281172849
181 180 43.4460022415
182 181 43.3357600739
183 182 43.2714169549
184 183 43.1782458929
185 184 43.0966907841
186 185 43.0526909058
187 186 42.9515220839
188 187 42.9296913712
189 188 42.843466393
190 189 42.8111292953
191 190 42.7451754368
192 191 42.687659336
193 192 42.6687976502
194 193 42.6263453799
195 194 42.6790512532
196 195 42.7582537243
197 196 42.7997653902
198 197 42.8542406892
199 198 42.9206470825
200 199 42.9197910223
201 200 42.8348086747
202 201 42.8399478293
203 202 42.7677540452
204 203 42.7359099067
205 204 42.7452023377
206 205 42.6954258566
207 206 42.6272488937
208 207 42.6118712295
209 208 42.6315806471
210 209 42.5712743775
211 210 42.6044092596
212 211 42.6796900712
213 212 42.7359485954
214 213 42.7883367368
215 214 42.8623668411
216 215 42.9362875558
217 216 43.0358516068
218 217 43.1171552044
219 218 43.2119730739
220 219 43.201679996
221 220 43.0995251565
222 221 42.9939549437
223 222 42.9601130347
224 223 42.8782624883
225 224 42.828806126
226 225 42.7863680857
227 226 42.7064266658
228 227 42.6517768858
229 228 42.6279020277
230 229 42.5739640491
231 230 42.6267497629
232 231 42.5577518206
233 232 42.4766071016
234 233 42.4478647546
235 234 42.4832841464
236 235 42.486806846
237 236 42.4752345059
238 237 42.4870090351
239 238 42.556719772
240 239 42.5786951671
241 240 42.6297249839
242 241 42.6961161195
243 242 42.7067464071
244 243 42.7204512333
245 244 42.7869557946
246 245 42.8240918828
247 246 42.8333927362
248 247 42.8807452845
249 248 42.9418241034
250 249 42.9600547033
251 250 42.9889143459
252 251 43.0475574064
253 252 43.114026516
254 253 43.1205978797
255 254 43.1260181665
256 255 43.2362248762
257 256 43.2610170687
258 257 43.2062093954
259 258 43.2572118172
260 259 43.3622311793
261 260 43.3475430294
262 261 43.3066657201
263 262 43.3902740231
264 263 43.4781477614
265 264 43.5175191683
