1 0 78.0625109381
2 0 78.0625109381
3 0 78.0625109381
4 0 78.0625109381
5 0 78.0625109381
6 1 76.6472476708
7 1 76.6472476708
8 1 76.6472476708
9 1 76.6472476708
10 1 76.6472476708
11 2 76.6387993834
12 2 76.6387993834
13 2 76.6387993834
14 2 76.6387993834
15 2 76.6387993834
16 3 74.1863932967
17 3 74.1863932967
18 3 74.1863932967
19 3 74.1863932967
20 3 74.1863932967
21 4 74.9780374671
22 4 74.9780374671
23 4 74.9780374671
24 4 74.9780374671
25 4 74.9780374671
26 5 74.8129045974
27 5 74.8129045974
28 5 74.8129045974
29 5 74.8129045974
30 5 74.8129045974
31 6 77.1686690211
32 6 77.1686690211
33 6 77.1686690211
34 6 77.1686690211
35 6 77.1686690211
36 7 76.6777001787
37 7 76.6777001787
38 7 76.6777001787
39 7 76.6777001787
40 7 76.6777001787
41 8 78.2657084263
42 8 78.2657084263
43 8 78.2657084263
44 8 78.2657084263
45 8 78.2657084263
46 9 78.6156602666
47 9 78.6156602666
48 9 78.6156602666
49 9 78.6156602666
50 9 78.6156602666
51 10 77.9846335135
52 10 77.9846335135
53 10 77.9846335135
54 10 77.9846335135
55 10 77.9846335135
56 11 77.1888988106
57 11 77.1888988106
58 11 77.1888988106
59 11 77.1888988106
60 11 77.1888988106
61 12 75.4230934742
62 12 75.4230934742
63 12 75.4230934742
64 12 75.4230934742
65 12 75.4230934742
66 13 75.0272499459
67 13 75.0272499459
68 13 75.0272499459
69 13 75.0272499459
70 13 75.0272499459
71 14 74.1993020572
72 14 74.1993020572
73 14 74.1993020572
74 14 74.1993020572
75 14 74.1993020572
76 15 72.3320201489
77 15 72.3320201489
78 15 72.3320201489
79 15 72.3320201489
80 15 72.3320201489
81 16 70.5319806049
82 16 70.5319806049
83 16 70.5319806049
84 16 70.5319806049
85 16 70.5319806049
86 17 70.2257469386
87 17 70.2257469386
88 17 70.2257469386
89 17 70.2257469386
90 17 70.2257469386
91 18 68.6845456841
92 18 68.6845456841
93 18 68.6845456841
94 18 68.6845456841
95 18 68.6845456841
96 19 66.7343493507
97 19 66.7343493507
98 19 66.7343493507
99 19 66.7343493507
100 19 66.7343493507
101 20 66.1819050341
102 20 66.1819050341
103 20 66.1819050341
104 20 66.1819050341
105 20 66.1819050341
106 21 67.1219810939
107 21 67.1219810939
108 21 67.1219810939
109 21 67.1219810939
110 21 67.1219810939
111 22 68.7868093958
112 22 68.7868093958
113 22 68.7868093958
114 22 68.7868093958
115 22 68.7868093958
116 23 69.6746682306
117 23 69.6746682306
118 23 69.6746682306
119 23 69.6746682306
120 23 69.6746682306
121 24 68.3930784734
122 24 68.3930784734
123 24 68.3930784734
124 24 68.3930784734
125 24 68.3930784734
126 25 69.4133746205
127 25 69.4133746205
128 25 69.4133746205
129 25 69.4133746205
130 25 69.4133746205
131 26 69.6833115149
132 26 69.6833115149
133 26 69.6833115149
134 26 69.6833115149
135 26 69.6833115149
136 27 72.2879121629
137 27 72.2879121629
138 27 72.2879121629
139 27 72.2879121629
140 27 72.2879121629
141 28 70.3283192169
142 28 70.3283192169
143 28 70.3283192169
144 28 70.3283192169
145 28 70.3283192169
146 29 68.7401599037
147 29 68.7401599037
148 29 68.7401599037
149 29 68.7401599037
150 29 68.7401599037
151 30 66.9403699309
152 30 66.9403699309
153 30 66.9403699309
154 30 66.9403699309
155 30 66.9403699309
156 31 64.9810630425
157 31 64.9810630425
158 31 64.9810630425
159 31 64.9810630425
160 31 64.9810630425
161 32 64.2845839134
162 32 64.2845839134
163 32 64.2845839134
164 32 64.2845839134
165 32 64.2845839134
166 33 64.4760684026
167 33 64.4760684026
168 33 64.4760684026
169 33 64.4760684026
170 33 64.4760684026
171 34 65.7337219517
172 34 65.7337219517
173 34 65.7337219517
174 34 65.7337219517
175 34 65.7337219517
176 35 68.1359534028
177 35 68.1359534028
178 35 68.1359534028
179 35 68.1359534028
180 35 68.1359534028
181 36 68.1469438445
182 36 68.1469438445
183 36 68.1469438445
184 36 68.1469438445
