1 0 0.0
2 0 0.0
3 0 0.0
4 1 0.0
5 2 0.0
6 3 0.0
7 4 0.0
8 5 0.0
9 6 0.0
10 7 0.0
11 8 0.0
12 9 0.0
13 10 0.0
14 11 0.0
15 12 0.0
16 13 0.0
17 14 0.0
18 15 0.0
19 16 0.0
20 17 0.0
21 18 0.0
22 19 0.0
23 20 0.0
24 20 0.0
25 20 0.0
26 20 0.0
27 20 0.0
28 21 0.0
29 21 0.0
30 21 0.0
31 22 0.0
32 22 0.0
33 22 0.0
34 22 0.0
35 22 0.0
36 23 0.0
37 23 0.0
38 23 0.0
39 23 0.0
40 23 0.0
41 24 0.0
42 25 0.0
43 26 0.0
44 27 0.0
45 28 0.0
46 29 0.0
47 30 0.0
48 31 0.0
49 32 0.0
50 33 0.0
51 34 0.0
52 35 0.0
53 36 0.0
54 37 0.0
55 38 0.0
56 39 0.0
57 40 0.0
58 41 0.0
59 42 0.0
60 43 0.0
61 44 0.0
62 45 0.0
63 46 0.0
64 47 0.0
65 48 0.0
66 49 0.0
67 50 0.0
68 51 0.0
69 52 0.0
70 53 0.0
71 54 0.0
72 55 0.0
73 56 0.0
74 57 0.0
75 58 0.0
76 59 0.0
77 60 0.0
78 61 0.0
79 62 0.0
80 63 0.0
81 64 0.0
82 65 0.0
83 66 0.0
84 67 0.0
85 68 0.0
86 69 0.0
87 70 0.0
88 71 0.0
89 72 0.0
90 73 0.0
91 74 0.0
92 75 0.0
93 76 0.0
94 77 0.0
95 78 0.0
96 79 0.0
97 80 0.0
98 81 0.0
99 82 0.0
100 83 0.0
101 84 0.0
102 85 0.0
103 86 0.0
104 87 0.0
105 88 0.0
106 89 0.0
107 90 0.0
108 91 0.0
109 92 0.0
110 93 0.0
111 94 0.0
112 95 0.0
113 96 0.0
114 97 0.0
115 98 0.0
116 99 0.0
117 100 0.0
118 101 0.0
119 102 0.0
120 103 0.0
121 104 0.0
122 105 0.0
123 106 0.0
124 107 0.0
125 108 0.0
126 109 0.0
127 110 0.0
128 111 0.0
129 112 0.0
130 113 0.0
131 114 0.0
132 115 0.0
133 116 0.0
134 117 0.0
135 118 0.0
136 119 0.0
137 120 0.0
138 121 0.0
139 122 0.0
140 123 0.0
141 124 0.0
142 125 0.0
143 126 0.0
144 127 0.0
145 128 0.0
146 129 0.0
147 130 0.0
148 131 0.0
149 132 0.0
150 133 0.0
151 133 0.0
152 133 0.0
153 133 0.0
154 133 0.0
155 134 0.0
156 134 0.0
157 134 0.0
158 134 0.0
159 134 0.0
160 135 0.0
161 135 0.0
162 135 0.0
163 136 0.0
164 137 0.0
165 138 0.0
166 139 0.0
167 140 0.0
168 141 0.0
169 142 0.0
170 143 0.0
171 144 0.0
172 145 0.0
173 146 0.0
174 147 0.0
175 148 0.0
176 149 0.0
177 150 0.0
178 151 0.0
179 152 0.0
180 153 0.0
181 154 0.0
182 155 0.0
183 156 0.0
184 157 0.0
185 158 0.0
186 159 0.0
187 160 0.0
188 161 0.0
189 162 0.0
190 163 0.0
191 164 0.0
192 165 0.0
193 166 0.0
194 167 0.0
195 168 0.0
196 169 0.0
197 170 0.0
198 171 0.0
199 172 0.0
200 173 0.0
201 174 0.0
202 175 0.0
203 176 0.0
204 177 0.0
205 178 0.0
206 179 0.0
207 180 0.0
208 181 0.0
209 182 0.0
210 183 0.0
211 184 0.0
212 185 0.0
213 186 0.0
214 187 0.0
215 188 0.0
216 189 0.0
217 190 0.0
218 191 0.0
219 192 0.0
220 193 0.0
221 194 0.0
222 195 0.0
223 196 0.0
224 197 0.0
225 198 0.0
226 199 0.0
227 200 0.0
228 201 0.0
229 202 0.0
230 203 0.0
231 204 0.0
232 205 0.0
233 206 0.0
234 207 0.0
235 208 0.0
236 209 0.0
237 210 0.0
238 211 0.0
239 212 0.0
240 213 0.0
241 214 0.0
242 215 0.0
243 216 0.0
244 217 0.0
245 218 0.0
246 219 0.0
247 220 0.0
248 221 0.0
249 222 0.0
250 222 0.0
