1 0 38.3291178344
2 0 38.3291178344
3 0 38.3291178344
4 0 38.3291178344
5 0 38.3291178344
6 1 38.5405327136
7 2 41.8492878347
8 3 41.8514865459
9 4 41.8398578864
10 5 41.8442262436
11 6 41.8377476485
12 7 41.8463067452
13 8 41.8485623363
14 9 41.8549481533
15 10 41.8740026828
16 11 41.8738415633
17 12 41.8962951663
18 13 41.9059506251
19 14 41.9148978348
20 15 41.9481832897
21 16 41.9447508813
22 17 41.9243381378
23 18 41.948279621
24 19 41.9748872551
25 20 41.9544167024
26 21 41.9375761809
27 22 41.9487251377
28 23 41.926992138
29 24 41.9013918688
30 25 41.912411685
31 26 41.9185774756
32 27 41.8913147953
33 28 41.8791416307
34 29 41.8953629702
35 30 41.8954036679
36 31 41.8696851122
37 32 41.8742761473
38 33 41.8969398605
39 34 41.9152518087
40 35 41.9348487248
41 36 41.9432277557
42 37 41.9724361117
43 38 41.9477885917
44 39 41.9633421701
45 40 41.9494883266
46 41 41.9540161608
47 42 41.9899239031
48 43 42.0044306722
49 44 42.0442925886
50 45 42.0635668411
51 46 42.0972329971
52 47 42.1504718945
53 48 42.1902594781
54 49 42.2509840898
55 50 42.3108621224
56 51 42.3699302953
57 52 42.4395969271
58 53 42.4209776022
59 54 42.4534637705
60 55 42.5147413336
61 56 42.5939174985
62 57 42.5940276012
63 58 42.5289931454
64 59 42.5763758145
65 60 42.6400391381
66 61 42.6803409076
67 62 42.6745186477
68 63 42.6796048209
69 64 42.6662670676
70 65 42.7400120027
71 66 42.7046197196
72 67 42.6352414525
73 68 42.6289941055
74 69 42.5517145559
75 70 42.56017484
76 71 42.4829394412
77 72 42.4142254015
78 73 42.3425938404
79 74 42.292890218
80 75 42.2332700421
81 76 42.1767929069
82 77 42.1286224329
83 78 42.0825381361
84 79 42.094567482
85 80 42.1351911134
86 81 42.1912374341
87 82 42.2383012976
88 83 42.3030763846
89 84 42.3494177548
90 85 42.423696635
91 86 42.4754646353
92 87 42.5492461953
93 88 42.6102040312
94 89 42.6736822062
95 90 42.7406945483
96 91 42.7593847028
97 92 42.8304634232
98 93 42.8031029495
99 94 42.8360473888
100 95 41.2358482362
101 95 41.2358482362
102 95 41.2358482362
103 95 41.2358482362
104 95 41.2358482362
105 96 42.0599735087
106 96 42.0599735087
107 96 42.0599735087
108 96 42.0599735087
109 96 42.0599735087
110 97 42.4779063943
111 97 42.4779063943
112 97 42.4779063943
113 97 42.4779063943
114 97 42.4779063943
115 98 42.7887942146
116 98 42.7887942146
117 98 42.7887942146
118 98 42.7887942146
119 98 42.7887942146
120 99 42.8180538103
121 100 42.550043175
122 101 42.4749596781
123 102 42.4649175775
124 103 42.4406920609
125 104 42.5093570361
126 105 42.5485259206
127 106 42.5023949332
128 107 42.5058709578
129 108 42.4551483665
130 109 42.4517464131
131 110 42.4460309198
132 111 42.3903279015
133 112 42.379388794
134 113 42.3143642245
135 114 42.2989202935
136 115 42.2366388651
137 116 42.2427203341
138 117 42.2002644637
139 118 42.2325118956
140 119 42.2641860895
141 120 42.3293950155
142 121 42.3535911228
143 122 42.3559700022
144 123 42.3220388278
145 124 42.2554629679
146 125 42.2265902594
147 126 42.201353358
148 127 42.2579896585
149 128 42.2866089159
150 129 42.2405589923
151 130 42.238864715
152 131 42.3053836565
153 132 42.3027104832
154 133 42.2561578992
155 134 42.291977499
156 135 42.3503411173
157 136 42.3220755743
158 137 42.2915744505
159 138 42.3519097052
160 139 42.3835309941
161 140 42.3307970681
162 141 42.3276922457
163 142 42.4004836913
164 143 42.4131967849
165 144 42.4805405342
166 145 42.5365864383
167 146 42.5985708412
168 147 42.6570289315
169 148 42.6241669763
170 149 42.647790001
171 150 42.7337986075
172 151 42.7954029382
173 152 42.8645541083
174 153 42.9300844875
175 154 43.0065395133
176 155 43.101657081
177 156 43.1353449541
178 157 43.2466280432
179 158 43.3170175967
180 159 43.3528137021
181 160 43.4428015924
182 161 43.4434395766
183 162 43.3892101259
184 163 43.2788573261
185 164 43.2022931167
186 165 43.1584030442
187 166 43.0852308144
188 167 43.0917938587
189 168 43.0036286631
190 169 43.0055533011
191 170 42.9436999247
192 171 42.9155001657
193 172 42.9676098862
194 173 41.2725906941
195 173 41.2725906941
196 173 41.2725906941
197 173 41.2725906941
198 173 41.2725906941
199 174 41.0682908082
200 174 41.0682908082
201 174 41.0682908082
202 174 41.0682908082
203 174 41.0682908082
204 175 42.7633972864
205 175 42.7633972864
206 176 43.0581400379
207 177 42.9870976552
208 178 42.8923718171
209 179 42.8237256982
210 180 42.7302547383
211 181 42.6734469465
212 182 42.6088601591
213 183 42.539406879
214 184 42.4988772543
215 185 42.4315094907
216 186 42.3994290082
217 187 42.3279932943
218 188 42.2998310818
219 189 42.2335894669
220 190 42.2076442331
221 191 42.1509336752
222 192 42.1320172057
223 193 42.0789479814
224 194 42.0740593613
225 195 42.0969333639
226 196 42.1450772347
227 197 42.1750442868
228 198 42.1619669718
229 199 42.1811298499
230 200 42.2335710655
231 201 42.2460496149
232 202 42.2374046718
233 203 42.2721148406
234 204 42.3218384463
235 205 42.3239768671
236 206 42.3309156238
237 207 42.3817334868
238 208 42.4208562902
239 209 42.4273431084
240 210 42.4639749409
241 211 42.5157137017
242 212 42.5967144133
243 213 42.6579733646
244 214 42.7322421677
245 215 42.8176009372
246 216 42.8680558372
247 217 42.9692811865
248 218 43.0466684783
249 219 43.1451700004
250 220 43.2268799067
251 221 43.2931057475
252 222 43.2486424965
253 223 43.3333600514
254 224 43.2627606061
255 225 43.2847143624
256 226 43.2652583617
257 227 43.2641441035
258 228 43.3247515968
259 229 43.2774728544
260 230 43.3388308236
261 231 43.2976542336
262 232 43.3530000174
263 233 43.4425086168
264 234 43.3875736647
265 235 43.3710643649
266 236 43.2810801319
267 237 43.2610200195
268 238 43.1614609466
269 239 43.1390131372
270 240 43.1583136516
271 241 43.0644370925
272 242 43.0569162088
273 243 43.0049279953
274 244 42.9370701424
275 245 42.9188031212
276 246 42.8440624843
277 247 42.8622116328
278 248 42.8319895854
279 249 42.800023277
280 250 42.8081236552
281 251 42.7350666171
282 252 42.7007536782
283 253 42.6145049354
284 254 42.5709850364
285 255 42.5661736558
286 256 42.4855280512
287 257 42.457313497
288 258 42.4112747985
289 259 42.382504578
290 260 42.3527711142
291 261 42.3268259794
292 262 42.259777114
293 263 42.2153566523
294 264 42.1702685007
295 265 42.11409234
296 266 42.0745133057
297 267 42.0288902372
298 268 41.9924127988
299 269 41.9590941863
300 270 41.9278477453
301 271 41.8986271158
302 272 41.8797193664
303 273 41.8656538992
304 274 41.8459752041
305 275 41.8448695455
306 276 41.8563402882
307 277 41.8473270865
308 278 41.8423413964
309 279 41.8320137279
310 280 41.0681349364
311 280 41.0681349364
312 280 41.0681349364
313 280 41.0681349364
314 280 41.0681349364
315 281 41.6930029192
316 281 41.6930029192
317 281 41.6930029192
318 281 41.6930029192
319 281 41.6930029192
320 282 40.5078772002
321 282 40.5078772002
322 282 40.5078772002
323 282 40.5078772002
324 282 40.5078772002
325 283 41.7327541674
326 283 41.7327541674
327 284 41.8845213536
328 285 41.9092992579
329 286 41.9268788095
330 287 41.9622695182
331 288 41.9756375936
332 289 42.0144057557
333 290 42.0447107122
334 291 42.0266568292
335 292 42.0302638047
336 293 42.0141507074
337 294 42.014705881
338 295 41.9738020581
339 296 41.9815599693
340 297 42.0177385196
341 298 42.0004050474
342 299 41.9633550893
343 300 41.9702245123
344 301 41.9842214273
345 302 41.98495712
346 303 42.0192580353
347 304 42.0513904372
348 305 42.0986776147
349 306 42.1330407622
350 307 42.188524261
351 308 42.1954186113
352 309 42.2511885624
353 310 42.2532345237
354 311 42.2882760792
355 312 42.2331171847
356 313 42.2372862113
357 314 42.2103986527
358 315 42.2400201822
359 316 42.1927545802
360 317 42.1368000641
361 318 42.1074908844
362 319 42.0594819743
363 320 42.0375743988
364 321 41.9950518493
365 322 41.9815151892
366 323 41.9490510658
367 324 41.9325332376
368 325 41.9431349697
369 326 41.9748063352
370 327 41.971347854
371 328 42.0046960085
372 329 41.9917825459
373 330 41.990943606
374 331 42.0315130107
375 332 42.0478839759
376 333 42.0283322324
377 334 42.0476161359
378 335 42.092014548
379 336 42.0886840216
380 337 42.0756657223
381 338 42.1147566235
382 339 42.1508060777
383 340 42.1296254252
384 341 42.1308899022
385 342 42.1853703849
386 343 42.2037689437
387 344 42.1803816404
388 345 42.2064811124
389 346 42.2634482594
390 347 42.2716543855
391 348 42.2389878893
392 349 42.2846232128
393 350 42.3411347518
394 351 42.3741605413
