1 0 84.8851795335
2 0 84.8851795335
3 0 84.8851795335
4 0 84.8851795335
5 0 84.8851795335
6 1 83.9130829037
7 1 83.9130829037
8 1 83.9130829037
9 1 83.9130829037
10 1 83.9130829037
11 2 84.8015397687
12 2 84.8015397687
13 2 84.8015397687
14 2 84.8015397687
15 2 84.8015397687
16 3 84.8839912106
17 3 84.8839912106
18 3 84.8839912106
19 3 84.8839912106
20 3 84.8839912106
21 4 85.6138015626
22 4 85.6138015626
23 4 85.6138015626
24 4 85.6138015626
25 4 85.6138015626
26 5 86.82596647
27 5 86.82596647
28 5 86.82596647
29 5 86.82596647
30 5 86.82596647
31 6 85.3069640611
32 6 85.3069640611
33 6 85.3069640611
34 6 85.3069640611
35 6 85.3069640611
36 7 84.7504084101
37 7 84.7504084101
38 7 84.7504084101
39 7 84.7504084101
40 7 84.7504084101
41 8 84.0749158737
42 8 84.0749158737
43 8 84.0749158737
44 8 84.0749158737
45 8 84.0749158737
46 9 83.5743032469
47 9 83.5743032469
48 9 83.5743032469
49 9 83.5743032469
50 9 83.5743032469
51 10 81.9831255258
52 10 81.9831255258
53 10 81.9831255258
54 10 81.9831255258
55 10 81.9831255258
56 11 80.6031982937
57 11 80.6031982937
58 11 80.6031982937
59 11 80.6031982937
60 11 80.6031982937
61 12 79.05881503
62 12 79.05881503
63 12 79.05881503
64 12 79.05881503
65 12 79.05881503
66 13 79.4089767754
67 13 79.4089767754
68 13 79.4089767754
69 13 79.4089767754
70 13 79.4089767754
71 14 77.8626970402
72 14 77.8626970402
73 14 77.8626970402
74 14 77.8626970402
75 14 77.8626970402
76 15 79.0260404313
77 15 79.0260404313
78 15 79.0260404313
79 15 79.0260404313
80 15 79.0260404313
81 16 81.2817084049
82 16 81.2817084049
83 16 81.2817084049
84 16 81.2817084049
85 16 81.2817084049
86 17 82.2345779718
87 17 82.2345779718
88 17 82.2345779718
89 17 82.2345779718
90 17 82.2345779718
91 18 82.9196351504
92 18 82.9196351504
93 18 82.9196351504
94 18 82.9196351504
95 18 82.9196351504
96 19 82.990619492
97 19 82.990619492
98 19 82.990619492
99 19 82.990619492
100 19 82.990619492
101 20 82.932844638
102 20 82.932844638
103 20 82.932844638
104 20 82.932844638
105 20 82.932844638
106 21 82.1939138571
107 21 82.1939138571
108 21 82.1939138571
109 21 82.1939138571
110 21 82.1939138571
111 22 81.9195732819
112 22 81.9195732819
113 22 81.9195732819
114 22 81.9195732819
115 22 81.9195732819
116 23 82.2514260826
117 23 82.2514260826
118 23 82.2514260826
119 23 82.2514260826
120 23 82.2514260826
121 24 81.7043065358
122 24 81.7043065358
123 24 81.7043065358
124 24 81.7043065358
125 24 81.7043065358
126 25 82.7517514191
127 25 82.7517514191
128 25 82.7517514191
129 25 82.7517514191
130 25 82.7517514191
131 26 83.4719435103
132 26 83.4719435103
133 26 83.4719435103
134 26 83.4719435103
135 26 83.4719435103
136 27 83.0168647379
137 27 83.0168647379
138 27 83.0168647379
139 27 83.0168647379
140 27 83.0168647379
141 28 83.6138824921
142 28 83.6138824921
143 28 83.6138824921
144 28 83.6138824921
145 28 83.6138824921
146 29 83.7238692118
147 29 83.7238692118
148 29 83.7238692118
149 29 83.7238692118
150 29 83.7238692118
151 30 83.9644659414
152 30 83.9644659414
153 30 83.9644659414
154 30 83.9644659414
155 30 83.9644659414
156 31 84.6097292836
157 31 84.6097292836
158 31 84.6097292836
159 31 84.6097292836
160 31 84.6097292836
161 32 86.0476512519
162 32 86.0476512519
163 32 86.0476512519
164 32 86.0476512519
165 32 86.0476512519
166 33 85.9816448161
167 33 85.9816448161
168 33 85.9816448161
169 33 85.9816448161
170 33 85.9816448161
171 34 85.688858163
172 34 85.688858163
173 34 85.688858163
174 34 85.688858163
175 34 85.688858163
176 35 85.6677125125
177 35 85.6677125125
178 35 85.6677125125
179 35 85.6677125125
180 35 85.6677125125
181 36 85.9983853922
182 36 85.9983853922
183 36 85.9983853922
184 36 85.9983853922
185 36 85.9983853922
186 37 86.4279507843
