1 0 41.8877579345
2 1 43.353685043
3 2 43.3083369509
4 3 43.2031071526
5 4 43.2065574525
6 5 43.2802161751
7 6 43.2901734585
8 7 43.3595538649
9 8 43.3956844387
10 9 43.4419766701
11 10 43.4735161426
12 11 43.4775185262
13 12 43.4079117388
14 13 43.2918091746
15 14 43.3139448057
16 15 43.4039017863
17 16 43.4665587793
18 17 43.8151358926
19 17 43.8151358926
20 17 43.8151358926
21 17 43.8151358926
22 17 43.8151358926
23 18 43.315797324
24 18 43.315797324
25 18 43.315797324
26 18 43.315797324
27 18 43.315797324
28 19 43.2365267606
29 19 43.2365267606
30 19 43.2365267606
31 19 43.2365267606
32 19 43.2365267606
33 20 43.5253040167
34 20 43.5253040167
35 20 43.5253040167
36 20 43.5253040167
37 20 43.5253040167
38 21 43.3070605184
39 21 43.3070605184
40 21 43.3070605184
41 21 43.3070605184
42 21 43.3070605184
43 22 42.6817070602
44 22 42.6817070602
45 22 42.6817070602
46 22 42.6817070602
47 22 42.6817070602
48 23 42.4239177994
49 23 42.4239177994
50 24 43.5692846025
51 25 43.551922623
52 26 43.4365991255
53 27 43.4090535787
54 28 43.3478677803
55 29 43.271362681
56 30 43.2020309514
57 31 43.1037568707
58 32 43.1149674506
59 33 43.2130079739
60 34 43.2320472483
61 35 43.2551507979
62 36 43.2710410201
63 37 43.2497516675
64 38 43.245045487
65 39 43.1421698055
66 40 43.1655204949
67 41 43.1479089927
68 42 43.0553111247
69 43 43.0232845241
70 44 42.9931320046
71 45 42.9613030575
72 46 43.0055717712
73 47 43.0177983524
74 48 42.9699033031
75 49 42.9960507795
76 50 42.9871535949
77 51 43.0190293062
78 52 43.121149033
79 53 43.1361714896
80 54 43.1145222759
81 55 43.1068276482
82 56 43.0997680609
83 57 43.011153623
84 58 43.0504162222
85 59 43.1441737896
86 60 43.1917554258
87 61 43.2612750907
88 62 43.2555320275
89 63 43.2338657093
90 64 43.2609668225
91 65 43.2247152298
92 66 43.245005833
93 67 43.1922290425
94 68 43.120902054
95 69 43.1481238351
96 70 43.1007784113
97 71 43.1264291014
98 72 43.1185857378
99 73 43.0875990709
100 74 43.1454546733
101 75 43.0531602356
102 76 42.9513473722
103 77 42.8781206742
104 78 42.8750427661
105 79 42.8537374948
106 80 42.8086297211
107 81 42.8525941136
108 82 42.8128573319
109 83 42.8385683143
110 84 42.8588423499
111 85 42.8427979922
112 86 42.7950430257
113 87 42.7533916804
114 88 42.6785190115
115 89 42.6121859445
116 90 42.5302093911
117 91 42.5110803784
118 92 42.4351112136
119 93 42.3845471295
120 94 42.3372162498
121 95 42.3015318942
122 96 42.3441241292
123 97 42.4082075258
124 98 42.449250809
125 99 42.49686494
126 100 42.5664844761
127 101 42.6285118415
128 102 42.7071831283
129 103 42.7558539273
130 104 42.7523859881
131 105 42.7132869508
132 106 42.6330193132
133 107 42.5919487905
134 108 42.599265347
135 109 42.5319524355
136 110 42.518056854
137 111 42.4630846712
138 112 42.4218010658
139 113 42.4546015669
140 114 42.5273262858
141 115 42.5228486912
142 116 42.5218215143
143 117 42.4494674813
144 118 42.4456089686
145 119 42.4532007688
146 120 42.4961074739
147 121 42.5129481959
148 122 42.4610649633
149 123 42.4020500671
150 124 42.35526549
151 125 42.3343827039
152 126 42.2774521108
153 127 42.2412332927
154 128 42.2295388217
155 129 42.292947307
156 130 42.2862422936
157 131 42.2402550673
158 132 42.2743820983
159 133 42.3378851575
160 134 42.3433048466
161 135 42.3457330172
162 136 42.4098856025
163 137 42.446444795
164 138 42.4228842147
165 139 42.4567126449
166 140 42.5279276134
167 141 42.5439482027
168 142 42.6238942502
169 143 42.6452490582
170 144 42.7100100639
171 145 42.6973140277
172 146 42.7422144616
173 147 42.7331006935
174 148 42.6973429163
175 149 42.6835029976
176 150 42.6835441645
177 151 42.6215348779
178 152 42.6343272982
179 153 42.6538502918
180 154 42.7079661019
181 155 42.6517335555
182 156 42.662164576
183 157 42.608222641
184 158 42.6257240941
185 159 42.6166644
186 160 42.6261521989
187 161 42.6268221327
188 162 42.687525349
189 163 42.6983232516
190 164 42.7647411719
191 165 42.7016156513
192 166 42.628495996
193 167 42.5984044692
194 168 42.6604346311
195 169 42.6594796174
196 170 42.7093749916
197 171 42.7673710194
198 172 42.7870927414
199 173 42.7950426084
200 174 42.8701326393
201 175 42.8974525553
202 176 42.9839851247
203 177 42.9998558894
204 178 42.975501887
205 179 43.0710238577
206 180 43.1172166633
207 181 43.0657980605
208 182 43.0861376758
209 183 43.0495978428
210 184 43.0919256193
211 185 43.0827187565
212 186 43.0209235027
213 187 42.9827378706
214 188 42.9519397368
215 189 43.0306156089
216 190 43.0448562217
217 191 43.1013524299
218 192 43.1427726668
219 193 43.0701820024
220 194 42.9930175645
221 195 42.9579386077
222 196 42.9414551914
223 197 42.9500869819
224 198 42.8963848397
225 199 42.9477602523
226 200 42.8823384279
227 201 42.9262053617
228 202 42.8682833871
229 203 42.9176217938
230 204 42.8438899197
231 205 42.8809028275
232 206 42.834428234
233 207 42.8792284532
234 208 42.8309022729
235 209 42.8442265823
236 210 42.8823312795
237 211 42.8132943789
238 212 42.8258730434
239 213 42.8239760855
240 214 42.8973858708
241 215 42.954156935
242 216 42.9328829241
243 217 42.9601707061
244 218 43.0626519881
245 219 43.0513982986
246 220 41.7645389491
247 220 41.7645389491
248 220 41.7645389491
249 220 41.7645389491
250 220 41.7645389491
251 221 41.3118079566
252 221 41.3118079566
253 221 41.3118079566
254 221 41.3118079566
255 221 41.3118079566
256 222 41.8692358591
257 222 41.8692358591
258 222 41.8692358591
259 222 41.8692358591
260 222 41.8692358591
261 223 39.3707551047
262 223 39.3707551047
263 223 39.3707551047
264 223 39.3707551047
265 223 39.3707551047
266 224 38.6995088458
267 224 38.6995088458
268 224 38.6995088458
269 224 38.6995088458
270 224 38.6995088458
271 225 40.5115439022
272 225 40.5115439022
273 225 40.5115439022
274 225 40.5115439022
275 226 42.5039241366
276 227 42.5552986206
277 228 42.5307233875
278 229 42.4574579476
279 230 42.4896969549
280 231 42.5357893339
281 232 42.4903891839
282 233 42.4799796213
283 234 42.4999468459
284 235 42.5192819065
285 236 42.6016471349
286 237 42.6470261869
287 238 42.616752051
288 239 42.6984074209
289 240 42.7647635949
290 241 42.839928356
291 242 42.8856978025
292 243 42.972514412
293 244 42.9289246866
294 245 42.8876644794
295 246 42.9799349794
296 247 43.0220088622
297 248 42.9535830769
298 249 42.9797668117
299 250 43.0829650574
300 251 43.0687503084
301 252 43.0099876585
302 253 43.0888225446
303 254 43.169109185
304 255 43.1075323019
305 256 43.0937722515
306 257 43.2044062032
307 258 43.2257265484
308 259 43.1518491708
309 260 43.2042099242
310 261 43.3022080588
311 262 43.2529093416
312 263 43.2809721181
313 264 43.2251847225
314 265 43.1656492919
315 266 43.1873654089
316 267 43.1719076078
317 268 43.284078152
318 269 43.2918230778
319 270 43.2026056761
320 271 43.241118623
321 272 43.3489728088
322 273 43.3097072053
323 274 43.2404285843
324 275 43.3299539278
325 276 43.4044690447
326 277 43.3273062817
327 278 43.3327561403
328 279 43.4277119108
329 280 43.3509565388
330 281 43.2925576193
331 282 43.2005962657
332 283 43.1434056537
333 284 43.1267951485
334 285 43.237335972
335 286 43.2182093052
336 287 43.1633515162
337 288 43.2592118302
338 289 43.3122891934
339 290 43.4226037615
340 291 43.3780022398
341 292 43.3135790868
342 293 43.4043286276
343 294 43.4844651214
344 295 43.4103167647
345 296 43.394413882
346 297 43.5135223295
347 298 43.5463238316
348 299 43.4780967581
349 300 43.5307870621
350 301 43.6484366783
351 302 43.621124968
352 303 43.5904401009
353 304 43.6984956096
354 305 43.7849197008
355 306 43.715828287
356 307 43.7068640514
357 308 43.8328244289
358 309 42.7543591582
359 309 42.7543591582
