1 0 42.1362510687
2 1 42.1483153138
3 2 42.1440783529
4 3 42.1441721253
5 4 42.1280131594
6 5 42.129097539
7 6 42.1047019199
8 7 42.1243957167
9 8 42.178884021
10 9 42.2043365032
11 10 42.2114317825
12 11 42.2266272038
13 12 42.1792998234
14 13 42.1245907523
15 14 42.1114953209
16 15 42.1389815351
17 16 42.1389358311
18 17 42.1744761888
19 18 42.1610234287
20 19 42.197135398
21 20 42.2013220838
22 21 42.2529251004
23 22 42.3017616564
24 23 42.2674451963
25 24 42.2535600775
26 25 42.2274355413
27 26 42.2154426873
28 27 42.178358077
29 28 42.1685266455
30 29 42.130660007
31 30 42.1367605613
32 31 42.0983452006
33 32 42.0777327416
34 33 42.123443736
35 34 42.1485814361
36 35 42.1516805347
37 36 42.1928762165
38 37 42.1777317292
39 38 42.174675647
40 39 42.1414754138
41 40 42.1052242959
42 41 42.0564841212
43 42 42.0322017075
44 43 41.995745981
45 44 42.0052280924
46 45 42.0361219945
47 46 42.0776407765
48 47 42.0975292668
49 48 42.1514951732
50 49 42.1625808254
51 50 42.2184412796
52 51 42.243866091
53 52 42.3039582638
54 53 42.3421053865
55 54 42.373878124
56 55 42.4419947294
57 56 42.4700105325
58 57 42.4305468426
59 58 42.3648296766
60 59 42.3708121132
61 60 42.3263015928
62 61 42.3135403872
63 62 42.2808981919
64 63 42.252151338
65 64 42.2217270145
66 65 42.2078190833
67 66 42.1839034545
68 67 42.1521645067
69 68 42.1314154506
70 69 42.1205252012
71 70 42.0953878147
72 71 42.0648147865
73 72 42.050976471
74 73 42.0465792636
75 74 42.0267792533
76 75 41.9875556369
77 76 41.9890376522
78 77 41.9923522313
79 78 41.9640120449
80 79 41.9884675948
81 80 41.9657205786
82 81 41.971716706
83 82 42.0115086796
84 83 42.0179484951
85 84 42.0620178617
86 85 42.0773781392
87 86 42.1046711827
88 87 42.1023302614
89 88 42.1497150407
90 89 42.1471278509
91 90 42.1988516318
92 91 42.2122473141
93 92 42.2689790583
94 93 42.282141855
95 94 42.3209732555
96 95 42.3369524947
97 96 42.3336300535
98 97 42.3283902143
99 98 42.3539889594
100 99 42.4089563871
101 100 42.3852342106
102 101 42.4340903872
103 102 42.3953599513
104 103 42.3284282104
105 104 42.2799235361
106 105 42.2349247378
107 106 42.228792091
108 107 42.2361896068
109 108 42.1883784344
110 109 42.1513106628
111 110 42.1672515781
112 111 42.1623487737
113 112 42.109829332
114 113 42.0959763652
115 114 42.1230665984
116 115 42.1055955444
117 116 42.0576494731
118 117 42.0661947875
119 118 42.091523384
120 119 42.0543547916
121 120 42.0255846607
122 121 42.0554335105
123 122 42.0634379996
124 123 42.0190654327
125 124 42.013273536
126 125 41.9754290535
127 126 41.9690168926
128 127 41.9414189588
129 128 41.948445096
130 129 41.9754553023
131 130 42.0093818683
132 131 42.0440137963
133 132 42.0860298835
134 133 42.1224034801
135 134 42.1724979584
136 135 42.1864105675
137 136 42.2402395889
138 137 42.2682980979
139 138 42.331890898
140 139 42.3875387648
141 140 42.4152846899
142 141 42.36246543
143 142 42.310928067
144 143 42.269224926
145 144 42.2166013001
146 145 42.2230926478
147 146 42.1768759748
148 147 42.1961563285
149 148 42.2563745466
150 149 42.3081021243
151 150 42.3578418445
152 151 42.4037439159
153 152 42.3551197435
154 153 42.3438139843
155 154 42.4154482831
156 155 42.4138362496
157 156 42.348923637
158 157 42.3333972281
159 158 42.2727521375
160 159 42.2419921149
161 160 42.1811576413
162 161 42.1461624864
163 162 42.09494827
164 163 42.0594446157
165 164 42.0153172802
166 165 41.9804060311
167 166 41.9587826086
168 167 41.9260354826
169 168 41.9057719307
170 169 41.9222623979
171 170 41.9498135141
172 171 41.9401652468
173 172 41.9320913648
174 173 41.9560210327
175 174 41.9388064939
176 175 41.9660091715
177 176 42.0060842409
178 177 42.0202865616
179 178 42.0639826941
180 179 42.0914233581
181 180 42.1418748145
182 181 42.1716033406
183 182 42.2298019744
184 183 42.276136987
185 184 42.2814808349
186 185 42.2340187956
187 186 42.2043626866
188 187 42.1486664363
189 188 42.1575726314
190 189 42.1777021387
191 190 42.1337148119
192 191 42.0950191487
193 192 42.1235600094
194 193 42.1274796771
195 194 42.0764016031
196 195 42.0646524676
197 196 42.0939085801
198 197 42.0862276027
199 198 42.0380979502
200 199 42.0426450934
201 200 42.071856629
202 201 42.0471844987
203 202 42.0092802937
204 203 42.0313327957
205 204 42.0486376709
206 205 42.0097166567
207 206 41.9953491947
208 207 42.0310720436
209 208 42.030310274
210 209 41.9900112093
211 210 42.0022407545
212 211 42.037735403
213 212 42.0169021308
214 213 41.9879436125
215 214 42.0155507072
216 215 42.0429349909
217 216 42.0171514862
218 217 41.987277159
219 218 42.0134554342
220 219 42.0263122264
221 220 41.9880975146
222 221 41.968164187
223 222 41.9358299357
224 223 41.0943389795
225 223 41.0943389795
226 223 41.0943389795
227 223 41.0943389795
228 223 41.0943389795
229 224 41.2546256798
230 224 41.2546256798
231 224 41.2546256798
232 224 41.2546256798
233 224 41.2546256798
234 225 40.2427816568
235 225 40.2427816568
236 225 40.2427816568
237 225 40.2427816568
238 225 40.2427816568
239 226 41.1017467407
240 226 41.1017467407
241 226 41.1017467407
242 226 41.1017467407
243 226 41.1017467407
244 227 40.8370940821
245 227 40.8370940821
246 227 40.8370940821
247 228 39.2750811368
248 229 38.9973237949
249 230 38.8818981219
250 231 39.0722185693
251 232 39.4112020176
252 233 39.6061206394
253 234 39.7284543145
254 235 39.9527382317
255 236 40.1961708292
256 237 40.6104290969
257 238 40.705364866
258 239 40.3973132883
259 240 40.3094976189
260 241 39.9989104071
261 242 39.8289049153
262 243 39.6580203601
263 244 39.567420229
264 245 39.4838878058
265 246 39.4181739369
266 247 39.3535700847
267 248 39.2956586766
268 249 39.2402479433
269 250 39.2478829017
270 251 39.3137830377
271 252 39.3404833228
272 253 39.3806483265
273 254 39.4436386136
274 255 39.524457907
275 256 39.5960174147
276 257 39.6739137949
277 258 39.783264364
278 259 39.9563050202
279 260 40.1447151378
280 261 40.3191386296
281 262 40.2979137414
282 263 40.4186213565
283 264 40.1400592146
284 265 40.2511782626
285 266 40.4007133023
286 267 40.2159763918
287 268 40.3558218041
288 269 40.2640454484
289 270 40.2813980856
290 271 40.0786103531
291 272 40.0270686338
292 273 39.8379330566
293 274 39.7827424889
294 275 39.6655947852
295 276 39.7257366836
296 277 39.6692608524
297 278 39.7104386051
298 279 39.6499721457
299 280 39.5253492555
300 281 39.4133867235
301 282 39.447193413
302 283 39.7131740908
303 284 39.8585304978
304 285 40.0731669776
305 286 39.7778258621
306 287 39.7299267454
307 288 40.009803418
308 289 39.9524738876
309 290 39.6726543019
310 291 39.7572125032
311 292 39.9132178862
312 293 39.9770756677
313 294 39.7368145079
314 295 39.7340027389
315 296 39.8467724552
316 297 39.7094048402
317 298 40.0016752204
318 299 39.9729651348
319 300 39.9894190937
320 301 39.8159824603
321 302 39.9073980105
322 303 39.8225429337
323 304 39.8184782322
324 305 39.6701272463
325 306 39.4939716821
326 307 39.275778825
327 308 39.3838363488
328 309 39.3897724747
329 310 39.1895182172
330 311 39.3287559749
331 312 39.2793201893
332 313 38.8914191922
333 314 38.7492499892
334 315 38.9144574264
335 316 38.941241572
336 317 38.6067707914
337 318 38.7989800496
338 319 38.8309210854
339 320 38.8924246695
340 321 39.2201861821
341 322 39.1919280863
342 323 39.3319780659
343 324 39.2582327377
344 325 39.490908538
345 326 39.4620727367
346 327 39.5892096313
347 328 39.7162455612
348 329 39.6475978215
349 330 39.433298583
350 331 39.2080597429
351 332 39.1767619283
352 333 39.2127183264
353 334 39.0645734426
354 335 39.1473724257
355 336 39.0469835523
356 337 39.1168837754
357 338 38.9855550601
358 339 39.1527747032
359 340 39.0976027246
360 341 39.3799233262
361 342 39.5049279364
362 343 39.8456945853
363 344 40.2044475266
364 345 40.0397357826
365 346 39.723263108
366 347 39.548238615
367 348 39.434997682
368 349 39.3176559974
369 350 39.2858727293
370 351 39.1820824086
371 352 39.2109525255
372 353 39.1303821632
373 354 39.130594051
374 355 39.051488209
375 356 39.1009875395
376 357 39.2624870689
377 358 39.422885878
378 359 39.5026338124
379 360 39.6958850654
380 361 39.6615522423
381 362 39.8093687259
382 363 39.573480816
383 364 39.4561176079
384 365 39.6898922235
385 366 39.804937732
386 367 40.1289434695
387 368 40.2426361272
388 369 40.6830166213
389 370 40.628180084
390 371 40.8563322133
391 372 40.7936982334
392 373 40.8409552929
393 374 40.6458439727
394 375 40.3738749581
395 376 40.1719072792
396 377 40.0445981965
397 378 39.9428814866
398 379 39.805559933
399 380 39.6493253314
400 381 39.4311369667
401 382 39.3969020472
402 383 39.2533776811
403 384 39.3074786693
404 385 39.1553645979
405 386 38.9280149579
406 387 39.14642532
407 388 39.4538285171
408 389 39.6355007851
409 390 39.8365596863
410 391 39.8616480537
411 392 39.9835511803
412 393 40.0550984242
413 394 40.2130162721
414 395 40.4081216004
415 396 40.4439608543
416 397 40.7310351837
417 398 40.5839227942
418 399 40.8808660483
419 400 41.0344227465
420 401 41.203008307
421 402 40.8189219713
422 403 40.5529571662
423 404 40.1493830639
424 405 40.054781841
425 406 39.8896095472
426 407 39.8450714925
427 408 39.7827790629
428 409 39.637130882
429 410 39.6060165724
430 411 39.4501162834
431 412 39.3013655607
432 413 38.9400303438
433 414 38.6149442853
434 415 38.4171586493
435 416 38.2138594099
436 417 38.0013084086
437 418 38.0850861748
438 419 38.2852434657
439 420 38.5980950883
440 421 38.8812923663
441 422 39.0843583422
442 423 39.3678875599
443 424 39.5939400469
444 425 39.8016349107
445 426 39.9121846885
446 427 39.9811098806
447 428 40.0181907211
448 429 40.1632633581
449 430 40.291561611
450 431 40.5291682918
451 432 40.5629212698
452 433 40.7622877176
453 434 40.6517980883
454 435 40.8597997362
455 436 40.822498854
456 437 40.8083421025
457 438 41.2610146184
458 439 40.9841211185
459 440 40.5114218272
460 441 40.4228265724
461 442 40.0527734413
462 443 39.9216372888
463 444 39.9848678704
464 445 40.1560266066
465 446 40.3290495685
466 447 40.2913656618
467 448 40.4179192136
468 449 40.3437116249
469 450 40.3410822451
470 451 40.1602655217
471 452 40.0701036904
472 453 39.944370599
473 454 40.0138164744
474 455 40.0871944764
475 456 40.0146195303
