1 0 40.0921602489
2 1 42.3239557172
3 2 42.2848771083
4 3 42.3184610656
5 4 42.3162162223
6 5 42.3149410419
7 6 42.3549570394
8 7 42.3548908082
9 8 42.4178458778
10 9 42.3899583231
11 10 42.3789265055
12 11 42.4476749161
13 12 42.4811599212
14 13 42.4390313915
15 14 42.4537367677
16 15 42.530835861
17 16 42.5359891812
18 17 42.4988106491
19 18 42.5605666226
20 19 42.6143846031
21 20 42.5743640348
22 21 42.5763117682
23 22 42.4966533378
24 23 42.4626240321
25 24 42.3875304241
26 25 42.3766506641
27 26 42.4099851457
28 27 42.4698543557
29 28 42.5473316474
30 29 42.6032838321
31 30 42.6451913726
32 31 42.5752042415
33 32 42.557698649
34 33 42.480896723
35 34 42.4626287589
36 35 42.4762045412
37 36 42.4320809965
38 37 42.4592448417
39 38 42.4175546596
40 39 42.4489984673
41 40 42.410937053
42 41 42.4251277222
43 42 42.4763798319
44 43 42.5461136203
45 44 42.546180742
46 45 42.4682366498
47 46 42.4650494213
48 47 42.4121142995
49 48 42.4371441831
50 49 42.3934339855
51 50 42.4159476114
52 51 42.3608683648
53 52 42.3156013016
54 53 42.3629114939
55 54 42.3509170335
56 55 42.3975969674
57 56 42.4059965886
58 57 42.4702772533
59 58 42.4836039954
60 59 42.5594144477
61 60 42.5721181396
62 61 42.6402901634
63 62 42.6595983298
64 63 42.7348268762
65 64 42.7600519956
66 65 42.8371915045
67 66 42.8868640929
68 67 42.906718316
69 68 42.9915127189
70 69 43.0331291254
71 70 43.0198564795
72 71 43.0400113941
73 72 43.05344742
74 73 42.9659343722
75 74 42.8698793044
76 75 42.7893683826
77 76 42.7387434484
78 77 42.6680676735
79 78 42.6132999473
80 79 42.534876145
81 80 42.494444797
82 81 42.4352195467
83 82 42.3866449117
84 83 42.3152149314
85 84 42.2626020598
86 85 42.2500823664
87 86 42.2950262486
88 87 42.2681069874
89 88 42.2478607353
90 89 42.3076903329
91 90 42.3332617259
92 91 42.3217970635
93 92 42.3112741503
94 93 42.3727799278
95 94 42.4090435074
96 95 42.4803260778
97 96 42.521481515
98 97 42.5019226313
99 98 42.5627979992
100 99 42.538420977
101 100 42.5183778955
102 101 42.5927479994
103 102 42.6346273845
104 103 42.5917405886
105 104 42.6067955715
106 105 42.6928692063
107 106 42.7006090417
108 107 42.6704831375
109 108 42.7239864722
110 109 42.8009560858
111 110 42.7782527395
112 111 42.7660907599
113 112 42.7959525474
114 113 42.8734109151
115 114 42.9000854147
116 115 42.9098642388
117 116 42.850009367
118 117 42.836159996
119 118 42.9157054183
120 119 42.9035413193
121 120 42.9948643688
122 121 42.956738981
123 122 42.8821857997
124 123 42.9483595628
125 124 42.9540188502
126 125 43.0220352911
127 126 43.0683060504
128 127 43.0303071551
129 128 42.9676140163
130 129 42.8965527556
131 130 42.8641731931
132 131 42.7867024379
133 132 42.7246176874
134 133 42.6876296641
135 134 42.6132295771
136 135 42.5779648698
137 136 42.4993769906
138 137 42.4713367868
139 138 42.3955052078
140 139 42.3753165514
141 140 42.3121861132
142 141 42.3037652719
143 142 42.3462590511
144 143 42.363220585
145 144 42.4352541728
146 145 42.4955109542
147 146 42.4832867932
148 147 42.5641132232
149 148 42.5774196678
150 149 42.5105005654
151 150 42.5357740942
152 151 42.6162404555
153 152 42.588244118
154 153 42.5342649678
155 154 42.5948355251
156 155 42.6557392159
157 156 42.6027383842
158 157 42.580906743
159 158 42.6633130916
160 159 42.6894871583
161 160 42.6214680952
162 161 42.6298134039
163 162 42.6779908272
164 163 42.7068033569
165 164 42.7228927118
166 165 42.811902652
167 166 42.8724856035
168 167 42.9589928347
169 168 43.0143820384
170 169 43.0715660744
171 170 43.1150532951
172 171 43.0280025993
173 172 42.9687777894
174 173 42.9023335922
175 174 42.871897757
176 175 42.7886458585
177 176 42.7732738114
178 177 42.6828167252
179 178 42.6502977449
180 179 42.6462389659
181 180 42.7364279013
182 181 42.7730531609
183 182 42.7362171637
184 183 42.7245120113
185 184 42.785159783
186 185 42.7662292875
187 186 42.7929874319
188 187 42.8717407693
189 188 42.8546122182
190 189 42.9356328656
191 190 42.888988157
192 191 42.7999519201
193 192 42.7827767364
194 193 42.7165468058
195 194 42.6895590974
196 195 42.6743903472
197 196 42.6468457348
198 197 42.6675321567
199 198 42.6286425681
200 199 42.6753970542
201 200 42.6514592591
202 201 42.7019030583
203 202 42.6810228209
204 203 42.7373701897
205 204 42.7619383184
206 205 42.8064046947
207 206 42.8904668718
208 207 42.8990078234
209 208 42.8815070125
210 209 42.9550627444
211 210 43.0273515906
212 211 42.9909279486
213 212 43.0565551817
214 213 42.9914152249
215 214 42.9204838495
216 215 42.8266711879
217 216 42.7743553429
218 217 42.7041785967
219 218 42.6929560559
220 219 42.6233645932
221 220 42.6135876856
222 221 42.5509173677
223 222 42.505637924
224 223 42.4278843428
225 224 42.3955776997
226 225 42.393240996
227 226 42.466022846
228 227 42.4850712972
229 228 42.4545811177
230 229 42.4991064899
231 230 42.5718272927
232 231 42.6428826597
233 232 42.6836339948
234 233 42.6741023793
235 234 42.7323366507
236 235 42.7214591226
237 236 42.7880428563
238 237 42.7956372916
239 238 42.8483486022
240 239 42.8622017325
241 240 42.8887094938
242 241 42.9871172356
243 242 42.9883805652
244 243 43.0004381389
245 244 42.9504750369
246 245 42.9075770729
247 246 42.8779606784
248 247 42.8599262156
249 248 42.8067468991
250 249 42.7995554175
251 250 42.773940346
252 251 42.7877226724
253 252 42.7349427812
254 253 42.7658616421
255 254 42.8622072022
256 255 42.8779681142
257 256 42.9589622587
258 257 43.008081051
259 258 43.0127867125
260 259 42.9108602184
261 260 42.8964234897
262 261 42.9585130181
263 262 42.902937427
264 263 42.8228854351
265 264 42.8699946912
266 265 42.892236262
267 266 42.7999524746
268 267 42.7673637558
269 268 42.8273836512
270 269 42.7817977882
271 270 42.7011729623
272 271 42.7321366915
273 272 42.7683768122
274 273 42.6858318484
275 274 42.6463349268
276 275 42.708963223
277 276 42.7059443657
278 277 42.6166928416
279 278 42.6200098381
280 279 42.679599417
281 280 42.6291540769
282 281 42.5592667705
283 282 42.6089551792
284 283 42.6406102753
285 284 42.5620480741
286 285 42.5378176168
287 286 42.6066930855
288 287 42.5914048057
289 288 42.5128920023
290 289 42.5371650933
291 290 42.597496022
292 291 42.5454768373
293 292 42.4962284597
294 293 42.5624486495
295 294 42.5843618938
296 295 42.5081885437
297 296 42.510301197
298 297 42.5862545877
299 298 42.5686155637
300 299 42.5028691744
301 300 42.548197758
302 301 39.4260055346
303 301 39.4260055346
304 301 39.4260055346
305 301 39.4260055346
