1 0 43.4303362308
2 1 43.4803574655
3 2 43.5932058516
4 3 43.6014124865
5 4 43.6460721011
6 5 43.5388645712
7 6 43.6009342395
8 7 43.7279257764
9 8 43.7981229594
10 9 43.8539149358
11 10 43.7360227103
12 11 43.7206588872
13 12 43.6164170324
14 13 43.603902404
15 14 43.5987553668
16 15 43.6938017781
17 16 43.6262095641
18 17 43.6346466959
19 18 43.5375225507
20 19 43.5060984128
21 20 43.5247126777
22 21 43.4383363076
23 22 43.4399164846
24 23 43.4671333559
25 24 43.3872043381
26 25 43.3745385114
27 26 43.2863244216
28 27 43.2541794156
29 28 43.189578735
30 29 43.1353278963
31 30 43.1367044925
32 31 43.0405495844
33 32 43.0267826402
34 33 42.9595218459
35 34 42.9017310168
36 35 42.8916853603
37 36 42.9079312235
38 37 42.9692612342
39 38 43.0190678248
40 39 43.0932091394
41 40 43.151287994
42 41 43.1864474175
43 42 43.2755186173
44 43 43.29090254
45 44 43.3620887264
46 45 43.325617445
47 46 43.2179420677
48 47 43.1784089467
49 48 43.0859777019
50 49 43.0373575325
51 50 42.9738975058
52 51 42.9118738384
53 52 42.8649243106
54 53 42.7948488783
55 54 42.7633170686
56 55 42.7344330093
57 56 42.6734573385
58 57 42.5878692134
59 58 42.5385400797
60 59 42.5048259316
61 60 42.4354954149
62 61 42.4086948406
63 62 42.3712060586
64 63 42.4374068969
65 64 42.4653441643
66 65 42.4876640246
67 66 42.4945885753
68 67 42.5411447685
69 68 42.5964639221
70 69 42.6266572416
71 70 42.6012684122
72 71 42.6697874385
73 72 42.6720087546
74 73 42.7393261865
75 74 42.7475421039
76 75 42.8251904647
77 76 42.8510577192
78 77 42.9177381623
79 78 42.9490944952
80 79 42.966151051
81 80 43.0680344101
82 81 43.0871492767
83 82 43.1393431685
84 83 43.2225067529
85 84 43.1521058184
86 85 43.0680242707
87 86 42.9740127136
88 87 42.9129463083
89 88 42.8258586601
90 89 42.7973279555
91 90 42.7946485316
92 91 42.7265143954
93 92 42.6612439888
94 93 42.7183516165
95 94 42.6900668882
96 95 42.7767250401
97 96 42.7734663317
98 97 42.6891532751
99 98 42.7207470526
100 99 42.7980110692
101 100 42.7477129071
102 101 42.6908527837
103 102 42.7632466364
104 103 42.8084043642
105 104 42.7317175065
106 105 42.718103925
107 106 42.8095498957
108 107 42.8141059941
109 108 42.7291583227
110 109 42.7701692074
111 110 42.8513778927
112 111 42.8255852662
113 112 42.7896679358
114 113 42.70871294
115 114 42.6749817938
116 115 42.7272322757
117 116 42.6921242821
118 117 42.604465926
119 118 42.5516050429
120 119 42.6117424784
121 120 42.6324945855
122 121 42.7120718719
123 122 42.7200992163
124 123 42.7958199532
125 124 42.8189787991
126 125 42.8932259286
127 126 42.9440128921
128 127 43.0113183518
129 128 43.0829374227
130 129 43.1530557885
131 130 43.1476447183
132 131 43.2292692391
133 132 43.1922293929
134 133 43.146154018
135 134 43.0754090628
136 135 43.0051833207
137 136 43.0771631586
138 137 43.1056439648
139 138 43.002469791
140 139 42.9976772564
141 140 43.0872714432
142 141 43.0532172963
143 142 42.9637751311
144 143 43.0132471522
145 144 43.0847537128
146 145 43.0121832781
147 146 42.9512849251
148 147 43.0337067823
149 148 43.0590026881
150 149 42.9619383535
151 150 42.9825391376
152 151 42.9035400682
153 152 42.9141556112
154 153 42.9239999542
155 154 42.9547629636
156 155 43.0310903415
157 156 43.0736701778
158 157 43.0326227536
159 158 43.1105297991
160 159 43.093421236
161 160 43.1617730472
162 161 43.1669955398
163 162 43.2258244322
164 163 43.2515839775
165 164 43.2784837294
166 165 43.3629680478
167 166 43.3593056618
168 167 43.3927992931
169 168 43.4407560834
170 169 43.3702239311
171 170 43.3881792253
172 171 43.3588013476
173 172 43.3127288804
174 173 43.2981500436
175 174 43.307543319
176 175 43.2544957449
177 176 43.3391546724
178 177 43.3323064891
179 178 43.2161203992
180 179 43.222381263
181 180 43.2956786822
182 181 43.2423692069
183 182 43.1484322565
184 183 43.1376923689
185 184 43.0843079929
186 185 43.0502635449
187 186 43.0473568791
188 187 43.008169349
189 188 43.0568821685
190 189 43.0313802162
191 190 43.1190037522
192 191 43.198923434
193 192 43.1243990746
194 193 43.1002726288
195 194 42.9987750453
196 195 42.9668006175
197 196 42.9001223726
198 197 42.9037001798
199 198 42.9289028399
200 199 42.9287702088
201 200 42.9597874653
202 201 42.9377199014
203 202 43.0072439535
204 203 43.0337312668
205 204 43.0826613043
206 205 43.105890851
207 206 43.0500983461
208 207 43.1431242099
209 208 43.1939416035
210 209 43.1105646364
211 210 43.1323479669
212 211 43.2408092829
213 212 43.2136475788
214 213 43.1467084015
215 214 43.2339603557
216 215 43.3011215569
217 216 43.2205105705
218 217 43.2008820196
219 218 43.31403355
220 219 43.3220672251
221 220 43.2289474793
222 221 43.2799448995
223 222 43.36916611
224 223 43.2927428497
225 224 43.2511089583
226 225 43.3598357837
227 226 43.3798580966
228 227 43.2771316301
229 228 43.3023331309
230 229 43.4132251895
231 230 43.3796740663
232 231 43.2966417356
233 232 43.3736144581
234 233 43.4472822225
235 234 43.3603839441
236 235 43.3350905219
237 236 43.4490881317
238 237 43.4549061288
239 238 43.3549902691
240 239 43.3745034407
241 240 43.4863701819
242 241 43.4429472621
243 242 43.5969923616
244 242 43.5969923616
245 242 43.5969923616
246 242 43.5969923616
247 242 43.5969923616
248 243 42.6738702488
249 243 42.6738702488
250 243 42.6738702488
251 243 42.6738702488
252 243 42.6738702488
253 244 40.8109462591
254 244 40.8109462591
255 244 40.8109462591
256 244 40.8109462591
257 244 40.8109462591
258 245 39.4063606942
259 245 39.4063606942
260 245 39.4063606942
261 245 39.4063606942
262 245 39.4063606942
263 246 39.3194132189
264 246 39.3194132189
265 246 39.3194132189
