1 0 0.0
2 0 0.0
3 0 0.0
4 0 0.0
5 0 0.0
6 1 0.0
7 1 0.0
8 1 0.0
9 1 0.0
10 1 0.0
11 2 0.0
12 2 0.0
13 2 0.0
14 2 0.0
15 2 0.0
16 3 0.0
17 3 0.0
18 3 0.0
19 3 0.0
20 3 0.0
21 4 0.0
22 4 0.0
23 4 0.0
24 4 0.0
25 4 0.0
26 5 0.0
27 5 0.0
28 5 0.0
29 5 0.0
30 5 0.0
31 6 0.0
32 6 0.0
33 6 0.0
34 6 0.0
35 6 0.0
36 7 0.0
37 7 0.0
38 7 0.0
39 7 0.0
40 7 0.0
41 8 0.0
42 8 0.0
43 8 0.0
44 8 0.0
45 8 0.0
46 9 0.0
47 9 0.0
48 9 0.0
49 9 0.0
50 9 0.0
51 10 0.0
52 10 0.0
53 10 0.0
54 10 0.0
55 10 0.0
56 11 0.0
57 11 0.0
58 11 0.0
59 11 0.0
60 11 0.0
61 12 0.0
62 12 0.0
63 12 0.0
64 12 0.0
65 12 0.0
66 13 0.0
67 13 0.0
68 13 0.0
69 13 0.0
70 13 0.0
71 14 0.0
72 14 0.0
73 14 0.0
74 14 0.0
75 14 0.0
76 15 0.0
77 15 0.0
78 15 0.0
79 15 0.0
80 15 0.0
81 16 0.0
82 16 0.0
83 16 0.0
84 16 0.0
85 16 0.0
86 17 0.0
87 17 0.0
88 17 0.0
89 17 0.0
90 17 0.0
91 18 0.0
92 18 0.0
93 18 0.0
94 18 0.0
95 18 0.0
96 19 0.0
97 19 0.0
98 19 0.0
99 19 0.0
100 19 0.0
101 20 0.0
102 20 0.0
103 20 0.0
104 20 0.0
105 20 0.0
106 21 0.0
107 21 0.0
108 21 0.0
109 21 0.0
110 21 0.0
111 22 0.0
112 22 0.0
113 22 0.0
114 22 0.0
115 22 0.0
116 23 0.0
117 23 0.0
118 23 0.0
119 23 0.0
120 23 0.0
121 24 0.0
122 24 0.0
123 24 0.0
124 24 0.0
125 24 0.0
126 25 0.0
127 26 0.0
128 27 0.0
129 28 0.0
130 29 0.0
131 30 0.0
132 31 0.0
133 32 0.0
134 33 0.0
135 34 0.0
136 35 0.0
137 36 0.0
138 37 0.0
139 38 0.0
140 39 0.0
141 40 0.0
142 41 0.0
143 42 0.0
144 43 0.0
145 44 0.0
146 45 0.0
147 46 0.0
148 47 0.0
149 48 0.0
150 49 0.0
151 50 0.0
152 51 0.0
153 52 0.0
154 53 0.0
155 54 0.0
156 55 0.0
157 56 0.0
158 57 0.0
159 58 0.0
160 59 0.0
161 60 0.0
162 61 0.0
163 62 0.0
164 63 0.0
165 64 0.0
166 65 0.0
167 66 0.0
168 67 0.0
169 68 0.0
170 69 0.0
171 70 0.0
172 71 0.0
173 72 0.0
174 73 0.0
175 74 0.0
176 75 0.0
177 76 0.0
178 77 0.0
179 78 0.0
180 79 0.0
181 80 0.0
182 81 0.0
183 82 0.0
184 83 0.0
185 84 0.0
186 85 0.0
187 86 0.0
188 87 0.0
189 88 0.0
190 89 0.0
191 90 0.0
192 91 0.0
193 92 0.0
194 93 0.0
195 94 0.0
196 95 0.0
197 96 0.0
198 97 0.0
199 98 0.0
200 99 0.0
201 100 0.0
202 101 0.0
203 102 0.0
204 103 0.0
205 104 0.0
206 105 0.0
207 106 0.0
208 107 0.0
209 108 0.0
210 109 0.0
211 110 0.0
212 111 0.0
213 112 0.0
214 113 0.0
215 114 0.0
216 115 0.0
217 116 0.0
218 117 0.0
219 118 0.0
220 119 0.0
221 120 0.0
222 121 0.0
223 122 0.0
224 123 0.0
225 124 0.0
226 125 0.0
227 126 0.0
228 127 0.0
229 128 0.0
230 129 0.0
231 130 0.0
232 131 0.0
233 132 0.0
234 133 0.0
235 134 0.0
236 135 0.0
237 136 0.0
238 137 0.0
239 138 0.0
240 139 0.0
241 140 0.0
242 141 0.0
243 142 0.0
244 143 0.0
245 144 0.0
246 145 0.0
247 146 0.0
248 147 0.0
249 148 0.0
250 149 0.0
251 150 0.0
252 151 0.0
253 152 0.0
254 153 0.0
255 154 0.0
256 155 0.0
257 156 0.0
258 157 0.0
259 158 0.0
260 159 0.0
261 160 0.0
262 161 0.0
263 162 0.0
264 163 0.0
265 164 0.0
266 165 0.0
267 166 0.0
268 167 0.0
269 168 0.0
270 169 0.0
271 170 0.0
272 171 0.0
273 172 0.0
274 173 0.0
275 174 0.0
276 175 0.0
277 176 0.0
278 177 0.0
279 178 0.0
280 179 0.0
281 180 0.0
282 181 0.0
283 182 0.0
284 183 0.0
285 184 0.0
286 185 0.0
287 186 0.0
288 187 0.0
289 188 0.0
290 189 0.0
291 190 0.0
292 191 0.0
293 192 0.0
294 193 0.0
295 194 0.0
296 195 0.0
297 196 0.0
298 197 0.0
299 198 0.0
300 199 0.0
301 200 0.0
302 201 0.0
303 202 0.0
304 203 0.0
305 204 0.0
306 205 0.0
307 206 0.0
308 207 0.0
309 208 0.0
310 209 0.0
311 210 0.0
312 211 0.0
313 212 0.0
314 213 0.0
315 214 0.0
316 215 0.0
317 216 0.0
318 217 0.0
319 218 0.0
320 219 0.0
321 220 0.0
322 221 0.0
323 222 0.0
324 223 0.0
325 224 0.0
326 225 0.0
327 226 0.0
328 227 0.0
329 228 0.0
330 229 0.0
331 230 0.0
332 231 0.0
333 232 0.0
334 233 0.0
335 234 0.0
336 235 0.0
337 236 0.0
338 237 0.0
339 238 0.0
340 239 0.0
341 240 0.0
342 241 0.0
343 242 0.0
344 243 0.0
345 244 0.0
346 245 0.0
347 246 0.0
348 247 0.0
349 248 0.0
350 249 0.0
351 250 0.0
352 251 0.0
353 252 0.0
354 253 0.0
355 254 0.0
356 255 0.0
357 256 0.0
358 257 0.0
359 258 0.0
360 259 0.0
361 260 0.0
362 261 0.0
363 262 0.0
364 263 0.0
365 264 0.0
366 265 0.0
367 266 0.0
368 267 0.0
369 268 0.0
370 269 0.0
371 270 0.0
372 271 0.0
373 272 0.0
374 273 0.0
375 274 0.0
376 275 0.0
377 276 0.0
378 277 0.0
379 278 0.0
380 279 0.0
381 280 0.0
382 281 0.0
383 282 0.0
384 283 0.0
385 284 0.0
386 285 0.0
387 286 0.0
388 287 0.0
389 288 0.0
390 289 0.0
391 290 0.0
392 291 0.0
393 292 0.0
394 293 0.0
395 294 0.0
396 295 0.0
397 296 0.0
398 297 0.0
399 298 0.0
400 299 0.0
401 300 0.0
402 301 0.0
403 302 0.0
404 303 0.0
405 304 0.0
406 305 0.0
407 306 0.0
408 307 0.0
409 308 0.0
410 309 0.0
411 310 0.0
412 311 0.0
413 312 0.0
414 313 0.0
415 314 0.0
416 315 0.0
417 316 0.0
418 317 0.0
419 318 0.0
420 319 0.0
421 320 0.0
422 321 0.0
423 322 0.0
424 323 0.0
425 324 0.0
426 325 0.0
427 326 0.0
428 327 0.0
429 328 0.0
430 329 0.0
431 330 0.0
432 331 0.0
433 332 0.0
434 333 0.0
435 334 0.0
436 335 0.0
437 336 0.0
438 337 0.0
439 338 0.0
440 339 0.0
441 340 0.0
442 341 0.0
443 342 0.0
444 343 0.0
445 344 0.0
446 345 0.0
447 346 0.0
448 347 0.0
449 348 0.0
450 349 0.0
451 350 0.0
452 351 0.0
453 352 0.0
454 353 0.0
455 354 0.0
456 355 0.0
457 356 0.0
458 357 0.0
459 358 0.0
460 359 0.0
461 360 0.0
462 361 0.0
463 362 0.0
464 363 0.0
465 364 0.0
466 365 0.0
467 366 0.0
468 367 0.0
469 368 0.0
470 369 0.0
471 370 0.0
472 371 0.0
473 372 0.0
474 373 0.0
475 374 0.0
476 375 0.0
477 376 0.0
478 377 0.0
479 378 0.0
480 379 0.0
481 380 0.0
482 381 0.0
483 382 0.0
484 383 0.0
485 384 0.0
486 385 0.0
487 386 0.0
488 387 0.0
489 388 0.0
490 389 0.0
491 390 0.0
492 391 0.0
493 392 0.0
494 393 0.0
495 394 0.0
496 395 0.0
497 396 0.0
498 397 0.0
499 398 0.0
500 399 0.0
501 400 0.0
502 401 0.0
503 402 0.0
504 403 0.0
505 404 0.0
506 405 0.0
507 406 0.0
508 407 0.0
509 408 0.0
510 409 0.0
511 410 0.0
512 411 0.0
513 412 0.0
514 413 0.0
515 414 0.0
516 415 0.0
517 416 0.0
518 416 0.0
519 416 0.0
520 416 0.0
521 416 0.0
522 417 0.0
523 417 0.0
524 417 0.0
525 417 0.0
526 417 0.0
527 418 0.0
528 418 0.0
529 418 0.0
530 418 0.0
531 418 0.0
532 419 0.0
533 420 0.0
534 421 0.0
535 422 0.0
536 423 0.0
537 424 0.0
538 425 0.0
539 426 0.0
540 427 0.0
541 428 0.0
542 429 0.0
543 430 0.0
544 431 0.0
545 432 0.0
546 433 0.0
547 434 0.0
548 435 0.0
549 436 0.0
550 437 0.0
551 438 0.0
552 439 0.0
553 440 0.0
554 441 0.0
555 442 0.0
556 443 0.0
557 444 0.0
558 445 0.0
559 445 0.0
560 445 0.0
561 445 0.0
562 445 0.0
563 446 0.0
564 446 0.0
565 447 0.0
566 448 0.0
567 449 0.0
568 450 0.0
569 451 0.0
570 452 0.0
571 453 0.0
572 454 0.0
573 455 0.0
574 456 0.0
575 457 0.0
576 458 0.0
577 459 0.0
578 460 0.0
579 461 0.0
580 462 0.0
581 463 0.0
582 464 0.0
583 465 0.0
584 466 0.0
585 467 0.0
586 468 0.0
587 469 0.0
588 470 0.0
589 471 0.0
590 472 0.0
591 473 0.0
592 474 0.0
593 475 0.0
594 476 0.0
595 477 0.0
596 478 0.0
597 479 0.0
598 480 0.0
599 481 0.0
600 482 0.0
601 483 0.0
602 484 0.0
603 485 0.0
604 486 0.0
605 487 0.0
606 488 0.0
607 489 0.0
608 490 0.0
609 491 0.0
610 492 0.0
611 493 0.0
612 494 0.0
613 495 0.0
614 496 0.0
615 497 0.0
616 498 0.0
617 499 0.0
618 500 0.0
619 501 0.0
620 502 0.0
621 502 0.0
622 502 0.0
623 502 0.0
624 502 0.0
625 503 0.0
626 503 0.0
627 503 0.0
628 503 0.0
629 503 0.0
630 504 0.0
631 504 0.0
632 504 0.0
633 504 0.0
634 504 0.0
635 505 0.0
636 505 0.0
637 505 0.0
638 505 0.0
639 505 0.0
640 506 0.0
641 506 0.0
642 506 0.0
643 506 0.0
644 506 0.0
645 507 0.0
646 507 0.0
647 507 0.0
648 507 0.0
649 507 0.0
650 508 0.0
651 508 0.0
652 508 0.0
653 508 0.0
654 508 0.0
655 509 0.0
656 509 0.0
657 509 0.0
658 509 0.0
659 509 0.0
660 510 0.0
661 510 0.0
662 510 0.0
663 510 0.0
664 510 0.0
665 511 0.0
666 511 0.0
667 511 0.0
668 511 0.0
669 511 0.0
670 512 0.0
671 512 0.0
672 512 0.0
673 512 0.0
674 512 0.0
675 513 0.0
676 513 0.0
677 513 0.0
678 513 0.0
679 513 0.0
680 514 0.0
681 514 0.0
682 514 0.0
683 514 0.0
684 514 0.0
685 515 0.0
686 515 0.0
687 515 0.0
688 515 0.0
689 515 0.0
690 516 0.0
691 516 0.0
692 516 0.0
693 516 0.0
694 516 0.0
695 517 0.0
696 517 0.0
697 517 0.0
698 517 0.0
699 517 0.0
700 518 0.0
701 518 0.0
702 518 0.0
703 518 0.0
704 518 0.0
705 519 0.0
706 519 0.0
707 519 0.0
708 519 0.0
709 519 0.0
710 520 0.0
711 520 0.0
712 520 0.0
713 520 0.0
714 520 0.0
715 521 0.0
716 521 0.0
717 521 0.0
718 521 0.0
719 521 0.0
720 522 0.0
721 522 0.0
722 522 0.0
723 522 0.0
724 522 0.0
725 523 0.0
726 523 0.0
727 523 0.0
728 523 0.0
729 523 0.0
730 524 0.0
731 524 0.0
732 524 0.0
733 524 0.0
