1 0 0.0
2 1 0.0
3 2 0.0
4 3 0.0
5 4 0.0
6 5 0.0
7 6 0.0
8 7 0.0
9 8 0.0
10 9 0.0
11 10 0.0
12 11 0.0
13 12 0.0
14 13 0.0
15 14 0.0
16 15 0.0
17 16 0.0
18 17 0.0
19 18 0.0
20 19 0.0
21 20 0.0
22 21 0.0
23 22 0.0
24 23 0.0
25 24 0.0
26 25 0.0
27 26 0.0
28 27 0.0
29 28 0.0
30 29 0.0
31 30 0.0
32 31 0.0
33 32 0.0
34 33 0.0
35 34 0.0
36 35 0.0
37 36 0.0
38 37 0.0
39 38 0.0
40 39 0.0
41 40 0.0
42 41 0.0
43 42 0.0
44 43 0.0
45 44 0.0
46 45 0.0
47 46 0.0
48 47 0.0
49 48 0.0
50 49 0.0
51 50 0.0
52 51 0.0
53 52 0.0
54 53 0.0
55 54 0.0
56 55 0.0
57 56 0.0
58 57 0.0
59 58 0.0
60 59 0.0
61 60 0.0
62 61 0.0
63 62 0.0
64 63 0.0
65 64 0.0
66 65 0.0
67 66 0.0
68 67 0.0
69 68 0.0
70 69 0.0
71 70 0.0
72 71 0.0
73 71 0.0
74 71 0.0
75 71 0.0
76 71 0.0
77 72 0.0
78 72 0.0
79 72 0.0
80 72 0.0
81 72 0.0
82 73 0.0
83 73 0.0
84 73 0.0
85 73 0.0
86 73 0.0
87 74 0.0
88 74 0.0
89 74 0.0
90 74 0.0
91 74 0.0
92 75 0.0
93 75 0.0
94 75 0.0
95 75 0.0
96 75 0.0
97 76 0.0
98 76 0.0
99 77 0.0
100 78 0.0
101 79 0.0
102 80 0.0
103 81 0.0
104 82 0.0
105 83 0.0
106 84 0.0
107 85 0.0
108 86 0.0
109 87 0.0
110 88 0.0
111 89 0.0
112 90 0.0
113 91 0.0
114 92 0.0
115 92 0.0
116 92 0.0
117 92 0.0
118 92 0.0
119 93 0.0
120 93 0.0
121 93 0.0
122 93 0.0
123 93 0.0
124 94 0.0
125 94 0.0
126 95 0.0
127 96 0.0
128 97 0.0
129 98 0.0
130 99 0.0
131 100 0.0
132 101 0.0
133 102 0.0
134 103 0.0
135 104 0.0
136 105 0.0
137 106 0.0
138 107 0.0
139 108 0.0
140 109 0.0
141 110 0.0
142 111 0.0
143 112 0.0
144 113 0.0
145 114 0.0
146 115 0.0
147 116 0.0
148 117 0.0
149 118 0.0
150 119 0.0
151 120 0.0
152 121 0.0
153 122 0.0
154 123 0.0
155 124 0.0
156 125 0.0
157 126 0.0
158 127 0.0
159 128 0.0
160 129 0.0
161 130 0.0
162 131 0.0
163 132 0.0
164 132 0.0
165 132 0.0
166 132 0.0
167 132 0.0
168 133 0.0
169 133 0.0
170 133 0.0
171 133 0.0
172 133 0.0
173 134 0.0
174 134 0.0
175 134 0.0
176 134 0.0
177 134 0.0
178 135 0.0
179 135 0.0
180 135 0.0
181 135 0.0
182 135 0.0
183 136 0.0
184 136 0.0
185 137 0.0
186 138 0.0
187 139 0.0
188 140 0.0
189 141 0.0
190 142 0.0
191 143 0.0
192 144 0.0
193 145 0.0
194 146 0.0
195 147 0.0
196 148 0.0
197 149 0.0
198 150 0.0
199 151 0.0
200 152 0.0
201 153 0.0
202 154 0.0
203 155 0.0
204 156 0.0
205 157 0.0
206 158 0.0
207 159 0.0
208 160 0.0
209 161 0.0
210 162 0.0
211 163 0.0
212 164 0.0
213 165 0.0
214 166 0.0
215 167 0.0
216 168 0.0
217 169 0.0
218 170 0.0
219 171 0.0
220 172 0.0
221 173 0.0
222 174 0.0
223 175 0.0
224 176 0.0
225 177 0.0
226 178 0.0
227 179 0.0
228 180 0.0
229 181 0.0
230 182 0.0
231 183 0.0
232 184 0.0
233 185 0.0
234 186 0.0
235 187 0.0
236 188 0.0
237 189 0.0
238 190 0.0
239 191 0.0
240 192 0.0
241 193 0.0
242 194 0.0
243 195 0.0
244 196 0.0
245 197 0.0
246 198 0.0
247 199 0.0
248 200 0.0
249 201 0.0
250 202 0.0
251 203 0.0
252 204 0.0
253 205 0.0
254 206 0.0
255 207 0.0
256 208 0.0
257 209 0.0
258 210 0.0
259 211 0.0
260 212 0.0
261 213 0.0
262 214 0.0
263 215 0.0
264 216 0.0
265 217 0.0
266 218 0.0
267 219 0.0
268 220 0.0
269 221 0.0
270 222 0.0
271 223 0.0
272 224 0.0
273 225 0.0
274 226 0.0
275 227 0.0
276 228 0.0
277 229 0.0
278 230 0.0
279 231 0.0
280 232 0.0
281 233 0.0
282 234 0.0
283 235 0.0
284 236 0.0
285 237 0.0
286 238 0.0
287 239 0.0
288 240 0.0
289 241 0.0
290 242 0.0
291 243 0.0
292 244 0.0
