1 0 7.7971138963
2 1 0.260766607554
3 2 0.274181692498
4 3 0.270372971721
5 4 0.275584293963
6 5 0.285037956334
7 6 0.282115908151
8 7 0.29449951499
9 8 0.289450004213
10 9 0.302271944276
11 10 0.292750272347
12 11 0.275043601749
13 12 0.281890579856
14 13 0.291238681867
15 14 0.276092326258
16 15 0.263854885732
17 16 0.277649735493
18 17 0.280072272742
19 18 0.260547063314
20 19 0.264160062538
21 20 0.2778930964
22 21 0.265657354735
23 22 0.275406400088
24 23 0.269415153027
25 24 0.283544481408
26 25 0.278738986049
27 26 0.279482607242
28 27 0.260037333266
29 28 0.248260234691
30 29 0.234471818068
31 30 0.220017551178
32 31 0.229555060896
33 32 0.223071703869
34 33 0.23744895682
35 34 0.240431827382
36 35 0.23138118514
37 36 0.241466932434
38 37 0.233305458761
39 38 0.245425552768
40 39 0.240149114852
41 40 0.253245056762
42 41 0.257415077647
43 42 0.245244969591
44 43 0.225360569015
45 44 0.218573635619
46 45 0.23518805181
47 46 0.231556444232
48 47 0.242610040562
49 48 0.23511297687
50 49 0.247837265149
51 50 0.244724682837
52 51 0.262673038129
53 52 0.271693132871
54 53 0.255031270568
55 54 0.255943834756
56 55 0.242019312127
57 56 0.24153725201
58 57 0.226560805604
59 58 0.228358164302
60 59 0.213780362572
61 60 0.218364382434
62 61 0.210221399093
63 62 0.216693950932
64 63 0.21116219444
65 64 0.203873354883
66 65 0.192951837944
67 66 0.174125167044
68 67 0.167506728461
69 68 0.162523795049
70 69 0.14417942936
71 70 0.14256621546
72 71 0.151966579228
73 72 0.142461212094
74 73 0.146431892685
75 74 0.163721662127
76 75 0.173339164983
77 76 0.174537031469
78 77 0.184611151659
79 78 0.19148760336
80 79 0.208355017759
81 80 0.214733087668
82 81 0.229060135232
83 82 0.240390357873
84 83 0.260085508805
85 84 0.27533027785
86 85 0.280281033929
87 86 0.267867762937
88 87 0.276579195752
89 88 0.281900159879
90 89 0.265807355773
91 90 0.255425065908
92 91 0.257245860622
93 92 0.260559534067
94 93 0.244520309804
95 94 0.233556477616
96 95 0.216024224217
97 96 0.205714843155
98 97 0.211008989181
99 98 0.198590562639
100 99 0.204973148973
101 100 0.207007564327
102 101 0.189266351422
103 102 0.181414109293
104 103 0.190993212988
105 104 0.186581074795
106 105 0.167664118393
107 106 0.167347734211
108 107 0.173837670967
109 108 0.162568844638
110 109 0.1462744437
111 110 0.152095933024
112 111 0.155843877534
113 112 0.151145319865
114 113 0.134120106083
115 114 0.128753678884
116 115 0.130202990016
117 116 0.141958956687
118 117 0.149403381566
119 118 0.13936976458
120 119 0.146266796106
121 120 0.136539406438
122 121 0.146703873797
123 122 0.163202264013
124 123 0.162079954812
125 124 0.174466497352
126 125 0.173726214986
127 126 0.160984093571
128 127 0.168563988919
129 128 0.186502450815
130 129 0.190839528343
131 130 0.182223673047
132 131 0.187804291228
133 132 0.191897853429
134 133 0.191190284417
135 134 0.201769574976
136 135 0.203414295883
137 136 0.220125756896
138 137 0.223059730031
139 138 0.241833349558
140 139 0.24554473358
141 140 0.263972686911
142 141 0.267560852837
143 142 0.25698694234
144 143 0.257590391735
145 144 0.238773692262
146 145 0.222358378355
147 146 0.220350596625
148 147 0.200584989114
149 148 0.200404893131
150 149 0.214942761298
151 150 0.206475200267
152 151 0.188575492887
153 152 0.197242215161
154 153 0.20944411368
155 154 0.195332903779
156 155 0.182941048113
157 156 0.197181268374
158 157 0.203921829784
159 158 0.18679676403
160 159 0.182453622477
161 160 0.200743446535
162 161 0.202706174439
163 162 0.200691948771
164 163 0.201730110208
165 164 0.211125204748
166 165 0.199773815614
167 166 0.197524252175
168 167 0.195041867829
169 168 0.192747477607
170 169 0.202081622649
171 170 0.196246352308
172 171 0.203927806515
173 172 0.217541491165
174 173 0.212730494181
175 174 0.220190412617
176 175 0.222186210856
177 176 0.225280727666
178 177 0.238538677014
179 178 0.236133581793
180 179 0.249294536034
181 180 0.237979207383
182 181 0.219307752068
183 182 0.212566700793
184 183 0.206381761099
185 184 0.187214246657
186 185 0.180219223556
187 186 0.169318907577
188 187 0.149999365237
189 188 0.146700684435
190 189 0.128492736946
191 190 0.135371809306
192 191 0.152995893304
193 192 0.154898861431
194 193 0.170571328296
195 194 0.176649367226
196 195 0.185798636724
197 196 0.193040027688
198 197 0.197224257767
199 198 0.20945310806
200 199 0.20878441427
201 200 0.223759729425
202 201 0.224219559637
203 202 0.241949637229
204 203 0.238882274995
205 204 0.229090324533
206 205 0.210354883921
207 206 0.208674300506
208 207 0.213318851801
209 208 0.19990824113
210 209 0.185390718912
211 210 0.190750183061
212 211 0.205069393264
213 212 0.204629245058
214 213 0.212215911809
215 214 0.20612212002
216 215 0.221207382204
217 216 0.214181027832
218 217 0.222488667347
219 218 0.212351013483
220 219 0.221129659118
221 220 0.214039353184
222 221 0.220026298427
223 222 0.233054399423
224 223 0.249586420232
225 224 0.254559297742
226 225 0.263794443372
227 226 0.249150642786
228 227 0.235862441712
229 228 0.244787626324
230 229 0.244418251445
231 230 0.226278152618
232 231 0.212394635317
233 232 0.196679470631
234 233 0.191191151697
235 234 0.177301375608
236 235 0.173189623849
237 236 0.160435047507
238 237 0.154833766364
239 238 0.146699505069
240 239 0.143750602982
241 240 0.142873548709
242 241 0.123380862752
243 242 0.127884543659
244 243 0.120028119222
245 244 0.12737105331
246 245 0.129800475391
247 246 0.135404316394
248 247 0.143183310285
249 248 0.152772535408
250 249 0.160451880862
251 250 0.161655133536
252 251 0.166106942009
253 252 0.183596042856
254 253 0.189211460487
255 254 0.174926426922
256 255 0.175801290838
257 256 0.17019068893
258 257 0.153678059293
259 258 0.161753272742
260 259 0.17625284107
261 260 0.16428769867
262 261 0.154723284632
263 262 0.172036331528
264 263 0.176260843693
265 264 0.159523378939
266 265 0.162968884972
267 266 0.18179835396
268 267 0.176898026461
269 268 0.164278518684
270 269 0.179175192327
271 270 0.189586447691
272 271 0.175988511499
273 272 0.172082369506
274 273 0.191184770372
275 274 0.193462602099
276 275 0.177772041403
277 276 0.182450472095
278 277 0.201320950407
279 278 0.196917396945
280 279 0.186040222279
281 280 0.200424628417
282 281 0.214750855157
283 282 0.203843958486
284 283 0.200811221653
285 284 0.220229897682
286 285 0.225416018619
287 286 0.213765307823
288 287 0.220621872525
289 288 0.239337663563
290 289 0.237341953561
291 290 0.228869492652
292 291 0.242577287674
293 292 0.257060839737
294 293 0.247863859531
295 294 0.247366161912
296 295 0.266649954516
297 296 0.271470149153
298 297 0.262434645859
299 298 0.268995049891
300 299 0.287755385839
301 300 0.285246493374
302 301 6.14443234027
303 301 6.14443234027
304 301 6.14443234027
305 301 6.14443234027
