1 0 0.419106822405
2 1 0.419964697215
3 2 0.406105596342
4 3 0.407209299673
5 4 0.415743716367
6 5 0.399438916248
7 6 0.391868772659
8 7 0.391232187695
9 8 0.403050863645
10 9 0.392639043245
11 10 0.373356522779
12 11 0.358717852873
13 12 0.339885010968
14 13 0.333248358741
15 14 0.349913097381
16 15 0.350188498839
17 16 0.362582060769
18 17 0.360620598032
19 18 0.3482381371
20 19 0.340979955847
21 20 0.352457063645
22 21 0.369528548791
23 22 0.381278599986
24 23 0.398894473558
25 24 0.410280230839
26 25 0.425019137427
27 26 0.435497336315
28 27 0.422982845172
29 28 0.409058789602
30 29 0.394956949826
31 30 0.393856126365
32 31 0.376948032916
33 32 0.376140579769
34 33 0.361120897198
35 34 0.359071210491
36 35 0.350129806873
37 36 0.342240064906
38 37 0.352024159812
39 38 0.35091915263
40 39 0.348400958315
41 40 0.34141771627
42 41 0.324831980191
43 42 0.318831071967
44 43 0.308990215502
45 44 0.30064514686
46 45 0.305067221489
47 46 0.30130979401
48 47 0.314163252325
49 48 0.315936884508
50 49 0.298267550858
51 50 0.301779508184
52 51 0.299004234232
53 52 0.313081744397
54 53 0.315835748254
55 54 0.331766397018
56 55 0.340022910823
57 56 0.337684544726
58 57 0.34691748329
59 58 0.335430838018
60 59 0.349176587628
61 60 0.363659545788
62 61 0.380816608126
63 62 0.392500769684
64 63 0.387685795722
65 64 0.395284506726
66 65 0.393532955811
67 66 0.398238310025
68 67 0.396775188745
69 68 0.388267117673
70 69 0.382934542689
71 70 0.378449237969
72 71 6.01669397188
73 71 6.01669397188
74 71 6.01669397188
75 71 6.01669397188
76 71 6.01669397188
77 72 14.9289598764
78 72 14.9289598764
79 72 14.9289598764
80 72 14.9289598764
81 72 14.9289598764
82 73 11.9535623821
83 73 11.9535623821
84 73 11.9535623821
85 73 11.9535623821
86 73 11.9535623821
87 74 6.02359423529
88 74 6.02359423529
89 74 6.02359423529
90 74 6.02359423529
91 74 6.02359423529
92 75 7.71269901246
93 75 7.71269901246
94 75 7.71269901246
95 75 7.71269901246
96 75 7.71269901246
97 76 6.45278565578
98 76 6.45278565578
99 77 0.366031435623
100 78 0.37568974659
101 79 0.375178428969
102 80 0.385171021158
103 81 0.377596756164
104 82 0.385991300642
105 83 0.375231681677
106 84 0.379128905073
107 85 0.372411977087
108 86 0.369215712577
109 87 0.367790378049
110 88 0.370504708116
111 89 0.380548148066
112 90 0.379801811621
113 91 0.396667879262
114 92 2.70378718091
115 92 2.70378718091
116 92 2.70378718091
117 92 2.70378718091
118 92 2.70378718091
119 93 5.17566212508
120 93 5.17566212508
121 93 5.17566212508
122 93 5.17566212508
123 93 5.17566212508
124 94 2.42572298544
125 94 2.42572298544
126 95 0.383609202899
127 96 0.366536921924
128 97 0.357248548859
129 98 0.342700098687
130 99 0.348455653814
131 100 0.356841142012
132 101 0.342194026543
133 102 0.346553959349
134 103 0.341694421517
135 104 0.345241334057
136 105 0.36426710616
137 106 0.36971465809
138 107 0.38256094173
139 108 0.377725332395
140 109 0.385319391595
141 110 0.373647436015
142 111 0.37383593257
143 112 0.369416342133
144 113 0.354485203613
145 114 0.351134015056
146 115 0.360501187507
147 116 0.352243490283
148 117 0.359924564408
149 118 0.354343476195
150 119 0.352531297287
151 120 0.358037657988
152 121 0.345208770707
153 122 0.352559288473
154 123 0.34788069825
155 124 0.354913489523
156 125 0.366594092532
157 126 0.375532611664
158 127 0.375735231621
159 128 0.391680540632
160 129 0.393601735699
161 130 0.402094595127
162 131 0.420200894623
163 132 5.14411211672
164 132 5.14411211672
165 132 5.14411211672
166 132 5.14411211672
167 132 5.14411211672
168 133 7.2731540059
169 133 7.2731540059
170 133 7.2731540059
171 133 7.2731540059
172 133 7.2731540059
173 134 6.13290124513
174 134 6.13290124513
175 134 6.13290124513
176 134 6.13290124513
177 134 6.13290124513
178 135 4.58174210869
179 135 4.58174210869
180 135 4.58174210869
181 135 4.58174210869
182 135 4.58174210869
183 136 3.96841050544
184 136 3.96841050544
185 137 0.447663973855
186 138 0.428348448442
187 139 0.415430915149
188 140 0.399474645145
189 141 0.382408210824
190 142 0.377401610799
191 143 0.358632345435
192 144 0.355481901607
193 145 0.339506439456
194 146 0.33886371654
195 147 0.341345937065
196 148 0.332143684378
197 149 0.314542249464
198 150 0.315116114534
199 151 0.317173767002
200 152 0.330642610755
201 153 0.32677956189
202 154 0.328795763344
203 155 0.336568214186
204 156 0.341449360896
205 157 0.358259047449
206 158 0.355583913332
207 159 0.370541853416
208 160 0.373453750432
209 161 0.374501769582
210 162 0.388639031797
211 163 0.403957292332
212 164 0.406906427024
213 165 0.417921182744
214 166 0.412435072023
215 167 0.393716131915
216 168 0.389319434313
217 169 0.400210278782
218 170 0.397127625287
219 171 0.396994397687
220 172 0.386251922566
221 173 0.395035506
222 174 0.412554582015
223 175 0.406347533673
224 176 0.396345992361
225 177 0.393286794383
226 178 0.379469618127
227 179 0.384928040744
228 180 0.396796502309
229 181 0.397164171789
230 182 0.394164940514
231 183 0.397149968171
232 184 0.383808165188
233 185 0.375640798005
234 186 0.356593287716
235 187 0.349084868301
236 188 0.330593895529
237 189 0.318637007264
238 190 0.309206765704
239 191 0.2935209532
240 192 0.290167998158
241 193 0.29797927887
242 194 0.315021320489
243 195 0.327449099766
244 196 0.337477241172
245 197 0.356679469775
246 198 0.373085982104
247 199 0.391935858485
248 200 0.399055304081
249 201 0.413212845111
250 202 0.431371499347
251 203 0.427151463233
252 204 0.41114732299
253 205 0.409168299947
254 206 0.413271748483
255 207 0.422887060436
256 208 0.422655569642
257 209 0.421479165196
258 210 0.427011109129
259 211 0.431957672597
260 212 0.418440575248
261 213 0.402955506683
262 214 0.40971733416
263 215 0.416024517894
264 216 0.434745829259
265 217 0.448087191166
266 218 0.44872927791
267 219 0.450960741649
268 220 0.458543100083
269 221 0.456935635863
270 222 0.474734843872
271 223 0.468894608271
272 224 0.452723177213
273 225 0.446383814501
274 226 0.454564159235
275 227 0.452795158387
276 228 0.466809240234
277 229 0.470016883766
278 230 0.487587136051
279 231 0.487031422004
280 232 0.480871683027
281 233 0.486689399709
282 234 0.470770521073
283 235 0.46217061324
284 236 0.443933778131
285 237 0.43719482868
286 238 0.425122121945
287 239 0.420432757158
288 240 0.430637974344
289 241 0.432590976248
290 242 0.44961767727
291 243 0.463298371475
292 244 5.92220682369
