1 0 35.2247323378
2 0 35.2247323378
3 0 35.2247323378
4 0 35.2247323378
5 0 35.2247323378
6 1 35.4216199169
7 1 35.4216199169
8 1 35.4216199169
9 1 35.4216199169
10 1 35.4216199169
11 2 33.4754449888
12 2 33.4754449888
13 2 33.4754449888
14 2 33.4754449888
15 2 33.4754449888
16 3 32.2230205328
17 3 32.2230205328
18 3 32.2230205328
19 3 32.2230205328
20 3 32.2230205328
21 4 31.4925091059
22 4 31.4925091059
23 4 31.4925091059
24 4 31.4925091059
25 4 31.4925091059
26 5 34.9218737623
27 5 34.9218737623
28 5 34.9218737623
29 5 34.9218737623
30 5 34.9218737623
31 6 30.8127667151
32 6 30.8127667151
33 6 30.8127667151
34 6 30.8127667151
35 6 30.8127667151
36 7 25.5342840682
37 7 25.5342840682
38 7 25.5342840682
39 7 25.5342840682
40 7 25.5342840682
41 8 26.2984938753
42 8 26.2984938753
43 8 26.2984938753
44 8 26.2984938753
45 8 26.2984938753
46 9 30.6968627113
47 9 30.6968627113
48 9 30.6968627113
49 9 30.6968627113
50 9 30.6968627113
51 10 25.0802593882
52 10 25.0802593882
53 10 25.0802593882
54 10 25.0802593882
55 10 25.0802593882
56 11 26.5830301402
57 11 26.5830301402
58 11 26.5830301402
59 11 26.5830301402
60 11 26.5830301402
61 12 18.0691007269
62 12 18.0691007269
63 12 18.0691007269
64 12 18.0691007269
65 12 18.0691007269
66 13 18.0862703527
67 13 18.0862703527
68 13 18.0862703527
69 13 18.0862703527
70 13 18.0862703527
71 14 14.1051301108
72 14 14.1051301108
73 14 14.1051301108
74 14 14.1051301108
75 14 14.1051301108
76 15 12.2616462585
77 15 12.2616462585
78 15 12.2616462585
79 15 12.2616462585
80 15 12.2616462585
81 16 8.51811310947
82 16 8.51811310947
83 16 8.51811310947
84 16 8.51811310947
85 16 8.51811310947
86 17 7.33453390828
87 17 7.33453390828
88 17 7.33453390828
89 17 7.33453390828
90 17 7.33453390828
91 18 4.50262403466
92 18 4.50262403466
93 18 4.50262403466
94 18 4.50262403466
95 18 4.50262403466
96 19 4.18204696951
97 19 4.18204696951
98 19 4.18204696951
99 19 4.18204696951
100 19 4.18204696951
101 20 3.31281683796
102 20 3.31281683796
103 20 3.31281683796
104 20 3.31281683796
105 20 3.31281683796
106 21 6.40169722277
107 21 6.40169722277
108 21 6.40169722277
109 21 6.40169722277
110 21 6.40169722277
111 22 6.31704008021
112 22 6.31704008021
113 22 6.31704008021
114 22 6.31704008021
115 22 6.31704008021
116 23 8.52629361551
117 23 8.52629361551
118 23 8.52629361551
119 23 8.52629361551
120 23 8.52629361551
121 24 8.53742604888
122 24 8.53742604888
123 24 8.53742604888
124 24 8.53742604888
125 24 8.53742604888
126 25 8.77307377576
127 25 8.77307377576
128 25 8.77307377576
129 25 8.77307377576
130 25 8.77307377576
131 26 11.2875933513
132 26 11.2875933513
133 26 11.2875933513
134 26 11.2875933513
135 26 11.2875933513
136 27 11.5073584839
137 27 11.5073584839
138 27 11.5073584839
139 27 11.5073584839
140 27 11.5073584839
141 28 14.5387692969
142 28 14.5387692969
143 28 14.5387692969
144 28 14.5387692969
145 28 14.5387692969
146 29 10.7717608464
147 29 10.7717608464
148 29 10.7717608464
149 29 10.7717608464
150 29 10.7717608464
151 30 11.5190255045
152 30 11.5190255045
153 30 11.5190255045
154 30 11.5190255045
155 30 11.5190255045
156 31 12.163791829
157 31 12.163791829
158 31 12.163791829
159 31 12.163791829
160 31 12.163791829
161 32 10.9279109734
162 32 10.9279109734
163 32 10.9279109734
164 32 10.9279109734
165 32 10.9279109734
166 33 8.98568051799
167 33 8.98568051799
168 33 8.98568051799
169 33 8.98568051799
170 33 8.98568051799
171 34 11.4711661205
172 34 11.4711661205
173 34 11.4711661205
174 34 11.4711661205
175 34 11.4711661205
176 35 6.45642456711
177 35 6.45642456711
178 35 6.45642456711
179 35 6.45642456711
180 35 6.45642456711
181 36 7.08125026135
182 36 7.08125026135
183 36 7.08125026135
184 36 7.08125026135
185 36 7.08125026135
186 37 8.33610030376
187 37 8.33610030376
188 37 8.33610030376
189 37 8.33610030376
190 37 8.33610030376
191 38 8.13811935225
192 38 8.13811935225
193 38 8.13811935225
194 38 8.13811935225
195 38 8.13811935225
196 39 7.29171956505
197 39 7.29171956505
198 39 7.29171956505
199 39 7.29171956505
200 39 7.29171956505
201 40 7.93987640506
202 40 7.93987640506
203 40 7.93987640506
204 40 7.93987640506
205 40 7.93987640506
206 41 8.68042437323
207 41 8.68042437323
208 41 8.68042437323
209 41 8.68042437323
210 41 8.68042437323
211 42 8.9738173689
212 42 8.9738173689
213 42 8.9738173689
214 42 8.9738173689
215 42 8.9738173689
216 43 7.97847482029
217 43 7.97847482029
218 43 7.97847482029
219 43 7.97847482029
220 43 7.97847482029
221 44 11.3579903085
222 44 11.3579903085
223 44 11.3579903085
224 44 11.3579903085
225 44 11.3579903085
226 45 14.4058633146
227 45 14.4058633146
228 45 14.4058633146
229 45 14.4058633146
230 45 14.4058633146
231 46 14.1934260255
232 46 14.1934260255
233 46 14.1934260255
234 46 14.1934260255
235 46 14.1934260255
236 47 14.5991572716
237 47 14.5991572716
238 47 14.5991572716
239 47 14.5991572716
240 47 14.5991572716
241 48 7.47252545424
242 48 7.47252545424
243 48 7.47252545424
244 48 7.47252545424
245 48 7.47252545424
246 49 6.56461543766
247 49 6.56461543766
248 49 6.56461543766
249 49 6.56461543766
250 49 6.56461543766
251 50 8.51708362971
252 50 8.51708362971
253 50 8.51708362971
254 50 8.51708362971
255 50 8.51708362971
256 51 6.96551140056
257 51 6.96551140056
258 51 6.96551140056
259 52 8.81919928467
260 53 8.43019616503
261 54 7.90862046584
262 55 7.71954600558
263 56 7.58755681417
264 57 7.24714488697
265 58 7.41473768216
266 59 7.20900664427
267 60 7.07232046617
268 61 7.09698654448
269 62 6.74958580774
270 63 6.96463137439
271 64 6.7430296099
272 65 7.27032265754
273 66 7.30351069971
274 67 7.87405911788
275 68 8.02436749919
276 69 7.85380142426
277 70 8.81571846183
278 71 9.18105121976
279 72 8.94345922974
280 73 8.35058650501
281 74 7.82022824376
282 75 8.56187132707
283 76 8.94337135609
284 77 8.15646193789
285 78 7.90985725991
286 79 8.62634769897
287 80 8.45598386751
288 81 7.74991444545
289 82 7.89080078525
290 83 7.83788754361
291 84 8.04136346508
292 85 8.53085526839
293 86 8.57376636518
294 87 8.51878977181
295 88 7.9613365394
296 89 7.39814018497
297 90 7.21781585044
298 91 6.467916029
299 92 6.63142704171
300 93 7.21488451342
301 94 6.6869513321
302 95 6.12058285712
303 96 6.64993766586
304 97 7.02166902374
305 98 6.37043178862
306 99 6.28458518942
307 100 6.74631189476
308 101 6.95241686672
309 102 7.37905565627
310 103 7.92201966492
311 104 8.02689325344
312 105 8.38506416858
313 106 9.25008303122
314 107 8.96871604084
315 108 8.62211303198
316 109 9.27694220983
317 110 8.63515394679
318 111 8.85865030813
319 112 8.6812847433
320 113 7.83756903746
321 114 7.71417390575
322 115 7.94260421801
323 116 7.38815518355
324 117 6.65139341609
325 118 6.87506321327
326 119 6.94312505203
327 120 6.20228149921
328 121 5.87753130396
329 122 6.27387493448
330 123 6.07778159841
331 124 5.64378988524
332 125 5.88310773531
333 126 5.5910307549
334 127 5.33050131338
335 128 5.1091193255
336 129 5.11407562127
337 130 5.01467762237
338 131 5.37310747719
339 132 5.54585481637
340 133 5.40041016159
341 134 5.61175196709
342 135 5.803125679
343 136 6.46921221778
344 137 6.84489158675
345 138 7.44444711451
346 139 7.74457623073
347 140 8.3204623935
348 141 8.66629268469
349 142 8.4404882031
350 143 7.8119312874
351 144 7.35434386663
352 145 7.21206674604
353 146 6.73996373581
354 147 6.86245379313
355 148 6.34429279023
356 149 6.69334254799
357 150 6.52444752899
358 151 6.48481375687
359 152 6.91585605598
360 153 6.37161246462
361 154 6.49643597021
362 155 6.21196616273
363 156 5.79568589792
364 157 5.82203742177
365 158 6.09541702404
366 159 5.83406388148
367 160 5.6616752666
368 161 5.9599498156
369 162 6.14695179437
370 163 6.20073340624
371 164 5.90324535088
372 165 5.90667627657
373 166 6.23751750121
374 167 6.43403428381
375 168 6.87249360506
376 169 6.99930551784
377 170 6.73783018814
378 171 7.21884866266
379 172 7.46777781008
380 173 7.42873274442
381 174 7.88313890465
382 175 8.1860652742
383 176 8.75890351624
384 177 9.37062422888
385 178 10.107153414
386 179 11.0098917096
387 180 11.3544726754
388 181 11.6053711533
389 182 11.0148504015
390 183 10.1377042467
391 184 10.214758546
392 185 10.2321239153
393 186 9.32125918908
394 187 8.97759021839
395 188 8.40795553194
396 189 8.25110792024
397 190 8.00357721566
398 191 7.31105718266
399 192 7.48988328968
400 193 8.30481799401
401 194 8.73082542653
402 195 8.03233987219
403 196 7.65551407648
404 197 7.10606876763
405 198 6.83997448004
406 199 6.81086511736
407 200 6.42856304365
408 201 6.77693073846
409 202 7.25626760349
410 203 7.34008017579
411 204 7.14609814114
412 205 6.77756227939
413 206 6.8116880412
414 207 7.25115699572
415 208 7.59334904499
416 209 7.31111723927
417 210 6.94990893321
418 211 7.28500859121
419 212 7.14765699371
420 213 7.67058168313
421 214 7.85712937393
422 215 8.04827848587
423 216 8.61596443761
424 217 9.03796185126
425 218 9.57601134921
426 219 10.2699230413
427 220 10.3099727692
428 221 10.8761536828
429 222 11.6839949018
430 223 11.9331833737
431 224 12.1018615027
432 225 12.5033972749
433 226 13.0660169066
434 227 12.7888959892
435 228 13.1920967399
436 229 13.1087978127
437 230 13.1335466084
438 231 12.3868595615
439 232 11.8475875671
440 233 11.9069173979
441 234 11.7333599537
442 235 10.9372155548
443 236 10.6054014331
444 237 10.7725556939
445 238 10.2320971005
446 239 9.58273685576
447 240 9.4239307854
448 241 9.47384981886
449 242 8.87602051815
450 243 8.45961805056
451 244 8.7370552082
452 245 8.87917112802
453 246 8.44505241224
454 247 7.97873659941
455 248 8.08194699621
456 249 8.27454730589
457 250 8.85991586854
458 251 9.35452636461
459 252 9.70891814932
460 253 9.11234353692
461 254 9.10555697988
462 255 9.4906880864
463 256 9.95619064429
464 257 10.3676052511
465 258 10.9782684716
466 259 10.7761893671
467 260 10.6487122738
468 261 9.79747629773
469 262 9.99516253587
470 263 10.4892917583
471 264 10.1006073067
472 265 10.8062341161
473 266 10.8437265853
474 267 10.2364487133
475 268 9.87605401286
476 269 9.18488284525
477 270 8.76178654194
478 271 8.8748524595
479 272 9.55955986127
480 273 9.63825309286
481 274 9.65965211303
482 275 10.3630251793
483 276 10.9503179918
484 277 11.5823803371
485 278 12.0924463842
486 279 11.6797657277
487 280 11.8155067714
488 281 12.6533924232
489 282 12.4715057215
490 283 12.4469683108
491 284 13.2868240249
492 285 13.7982196636
493 286 14.0558438963
494 287 13.656093313
495 288 13.4380479429
496 289 12.8284801231
497 290 13.368637004
498 291 13.3134557819
499 292 12.398665651
500 293 12.1087122318
501 294 11.2764446792
502 295 10.5446566282
503 296 10.232701724
504 297 9.55849975774
505 298 9.19622758527
506 299 9.37641931459
507 300 9.24218234765
508 301 8.49772931659
509 302 8.47004521597
510 303 8.84646772763
511 304 8.33285368402
512 305 8.14134059724
513 306 8.00975205617
514 307 8.16762831874
515 308 7.79809624843
516 309 8.06172112135
517 310 8.5320492985
518 311 8.40988449886
519 312 8.26893516887
520 313 8.57114847251
521 314 8.72930160556
522 315 8.35178065283
523 316 8.72212879725
524 317 9.14874261048
525 318 9.33364516857
526 319 8.9953443731
527 320 8.3209149605
528 321 7.95677314254
529 322 7.3028980331
530 323 6.93167801173
531 324 6.57031182808
532 325 6.04187841131
533 326 5.96563936949
534 327 6.09756096954
535 328 5.76128994497
536 329 5.87560124072
537 330 5.72812894038
538 331 5.68034147471
539 332 6.05553124953
540 333 6.34742748221
541 334 6.33080163223
542 335 6.58009036319
543 336 6.78231867749
544 337 6.3676463998
545 338 6.04458311868
546 339 6.20502616149
547 340 6.0197496907
548 341 6.1296371628
549 342 6.48337883777
550 343 7.06831867249
551 344 6.91912686312
552 345 7.53751148876
553 346 7.54267614128
554 347 8.15030476147
555 348 8.33997341445
556 349 7.86844456092
557 350 7.42117934568
558 351 7.13316063973
559 352 6.82144044948
560 353 7.01630783225
561 354 7.38056858872
562 355 7.63464911137
563 356 7.65089225565
564 357 8.01869492528
565 358 7.98194666305
566 359 8.56939876084
567 360 8.42457619747
568 361 8.34734328218
569 362 8.77860341732
570 363 8.42451138911
571 364 8.02045614191
572 365 7.86383509635
573 366 8.28907178099
574 367 8.1971787287
575 368 7.97893298894
576 369 7.53254764335
577 370 7.20982435673
578 371 6.87007127023
579 372 6.55982254972
580 373 6.349363435
581 374 6.37415217703
582 375 6.15798493102
583 376 6.32333472623
584 377 6.29424320506
585 378 6.42397970129
586 379 6.21003012144
587 380 6.29251910057
588 381 6.13149451495
589 382 5.73008127353
590 383 5.67214035078
591 384 5.38914366054
592 385 5.78984537523
593 386 6.10986037684
594 387 6.08439530754
595 388 6.37904586271
596 389 6.48618296518
597 390 6.79243145039
598 391 6.93400331042
599 392 7.02216035705
600 393 7.45350331857
601 394 7.40684820069
602 395 7.03492649775
603 396 6.6378950024
604 397 6.28079458014
605 398 6.28125208171
606 399 6.056294019
607 400 6.38961569211
608 401 6.40252466794
609 402 6.7503616312
610 403 6.85210976546
611 404 7.2509701895
612 405 7.35375990579
613 406 7.36817532091
614 407 6.9864493508
615 408 7.49709977427
616 409 7.81258103085
617 410 8.419872107
618 411 9.174653443
619 412 9.19981327925
620 413 9.37048654899
621 414 8.61371379394
622 415 8.34037656334
623 416 7.65083083765
624 417 7.22096237781
625 418 7.05717628154
626 419 6.67992072603
627 420 7.06106876651
628 421 7.4569569121
629 422 7.58242590428
630 423 7.66872743617
631 424 8.06918503108
632 425 8.141000759
633 426 8.21836860657
634 427 8.38002448581
635 428 8.39649043183
636 429 8.97099700783
637 430 8.79887501119
638 431 8.89625267486
639 432 9.34051848302
640 433 9.28904459609
641 434 8.85616290672
642 435 8.64272068273
643 436 8.35499989864
644 437 8.23101571251
645 438 8.82338950452
646 439 9.42625647367
647 440 9.59548839224
648 441 9.15076402411
649 442 9.03884190017
650 443 9.27231927634
651 444 8.93592026008
652 445 9.20412917868
653 446 9.27728167617
654 447 9.51373501792
655 448 9.34588457736
656 449 9.5672459809
657 450 8.97431815658
658 451 9.01037265269
659 452 8.5671649635
660 453 8.51516621059
661 454 8.51751446121
662 455 8.36005270107
663 456 8.67988872005
664 457 8.79949071782
665 458 9.20413085763
666 459 9.28728614746
667 460 9.3391763442
668 461 9.37914491325
669 462 10.1331976385
670 463 10.4216262882
671 464 10.2892962318
672 465 9.65760973846
673 466 8.92977235563
674 467 8.17424190987
675 468 7.52100015746
676 469 7.29890730838
677 470 6.68185178515
678 471 6.71098834941
679 472 6.22551307456
680 473 5.97476985257
681 474 6.48883166809
682 475 6.67666475619
683 476 7.3405663838
684 477 7.98296228635
685 478 8.47398905655
686 479 9.23286434972
687 480 9.45255067947
688 481 10.2780134236
689 482 10.8263728684
690 483 10.5770338562
691 484 10.9392367623
692 485 10.8650385156
693 486 10.429134042
694 487 10.5814070152
695 488 11.2705081077
696 489 11.5601522017
697 490 11.7342056781
698 491 11.2738210951
699 492 11.0133206154
700 493 10.2198413309
701 494 9.86594121041
702 495 9.8845782985
703 496 9.38204540102
704 497 9.60022839359
705 498 9.90880560631
706 499 9.73294944764
707 500 9.82185185971
708 501 9.19313141528
709 502 9.32570058624
710 503 8.78236507872
711 504 9.04251323275
712 505 8.64729767999
713 506 8.9383317955
714 507 9.30425571802
715 508 9.09433733027
716 509 8.58089494534
717 510 8.06372619581
718 511 8.00060004853
719 512 7.91977606644
720 513 8.23726016981
721 514 8.68296040596
722 515 8.4166227102
723 516 8.15384578612
724 517 7.44946899693
725 518 6.8865134742
726 519 7.20661771182
727 520 7.66737370045
728 521 7.25178220144
729 522 7.17809333686
730 523 7.05778962907
731 524 7.48458816693
732 525 7.13181056263
733 526 7.71424082555
734 527 8.16381851032
735 528 7.92513194682
736 529 7.57466597595
737 530 7.76660085903
738 531 7.52703403723
739 532 8.02359854236
740 533 7.8974023376
741 534 7.60650951358
742 535 7.96225881219
743 536 8.15011591727
744 537 8.50908784122
745 538 9.23790355242
746 539 9.58896900136
747 540 9.76342412276
