1 0 9.02980346505
2 0 9.02980346505
3 0 9.02980346505
4 0 9.02980346505
5 0 9.02980346505
6 1 6.52390169291
7 2 0.551627646629
8 3 0.534399177833
9 4 0.53272120972
10 5 0.516127735165
11 6 0.509589919228
12 7 0.490423435752
13 8 0.482602416957
14 9 0.468716051757
15 10 0.452348524609
16 11 0.449783838245
17 12 0.433654409677
18 13 0.429880016471
19 14 0.427128167468
20 15 0.408033897558
21 16 0.405355510332
22 17 0.41568734833
23 18 0.404877794146
24 19 0.388532448704
25 20 0.396570879497
26 21 0.405450237683
27 22 0.403032896701
28 23 0.41506406168
29 24 0.429844512842
30 25 0.426797017438
31 26 0.428976880732
32 27 0.445569364349
33 28 0.453657944948
34 29 0.451545598591
35 30 0.457677228172
36 31 0.474590210641
37 32 0.478976084659
38 33 0.474828650869
39 34 0.457966481455
40 35 0.438428315835
41 36 0.424723012575
42 37 0.419450681346
43 38 0.438259297803
44 39 0.442044833442
45 40 0.455656302952
46 41 0.452160256545
47 42 0.449487385853
48 43 0.443981866139
49 44 0.426787445787
50 45 0.41550023766
51 46 0.418233805515
52 47 0.40390991689
53 48 0.398317632405
54 49 0.384574281957
55 50 0.376960674506
56 51 0.368040227157
57 52 0.355040464823
58 53 0.355156173954
59 54 0.33550044958
60 55 0.332195559038
61 56 0.327078209873
62 57 0.342736061211
63 58 0.354653938626
64 59 0.363303707512
65 60 0.366253106037
66 61 0.370574572955
67 62 0.354682150136
68 63 0.339531344754
69 64 0.324126738389
70 65 0.307697973799
71 66 0.294400548437
72 67 0.300872835337
73 68 0.294961049622
74 69 0.309489405504
75 70 0.319300071203
76 71 0.333541077758
77 72 0.338800384096
78 73 0.35250457367
79 74 0.356940397084
80 75 0.368592061109
81 76 0.377563104119
82 77 0.389412302923
83 78 0.397478425221
84 79 0.382418740642
85 80 0.367378163369
86 81 0.357371154389
87 82 0.347030813753
88 83 0.33617590172
89 84 0.329561962435
90 85 0.318665608998
91 86 0.312365767697
92 87 0.295866589131
93 88 0.287251557109
94 89 0.270529707169
95 90 0.264862544719
96 91 0.252422335449
97 92 0.245415976975
98 93 0.250892671993
99 94 0.239596181212
100 95 4.72452803209
101 95 4.72452803209
102 95 4.72452803209
103 95 4.72452803209
104 95 4.72452803209
105 96 5.54727587993
106 96 5.54727587993
107 96 5.54727587993
108 96 5.54727587993
109 96 5.54727587993
110 97 6.43737464494
111 97 6.43737464494
112 97 6.43737464494
113 97 6.43737464494
114 97 6.43737464494
115 98 5.02415013503
116 98 5.02415013503
117 98 5.02415013503
118 98 5.02415013503
119 98 5.02415013503
120 99 5.16683026031
121 100 0.335773609264
122 101 0.34282406526
123 102 0.327316129156
124 103 0.318937525767
125 104 0.301139018416
126 105 0.308535199022
127 106 0.313804911646
128 107 0.304166241379
129 108 0.307556456896
130 109 0.303838099256
131 110 0.290143174054
132 111 0.299117706931
133 112 0.291212653523
134 113 0.305290862336
135 114 0.302608756499
136 115 0.315750874453
137 116 0.311970258101
138 117 0.316425888313
139 118 0.304373725264
140 119 0.28993977765
141 120 0.271636876596
142 121 0.262017689904
143 122 0.261979826849
144 123 0.276366176784
145 124 0.292465493517
146 125 0.301241524902
147 126 0.315864777444
148 127 0.304920933742
149 128 0.294630075952
150 129 0.310873978927
151 130 0.32120630848
152 131 0.306579496011
153 132 0.306030342882
154 133 0.32566751681
155 134 0.326688085615
156 135 0.312043530261
157 136 0.319191431413
158 137 0.338193686768
159 138 0.333378120932
160 139 0.32355420273
161 140 0.337865983516
162 141 0.353159853423
163 142 0.343113986915
164 143 0.346045261156
165 144 0.329665932837
166 145 0.324377204681
167 146 0.3057482052
168 147 0.313736381028
169 148 0.32284840458
170 149 0.305440489309
171 150 0.297513939717
172 151 0.29273421021
173 152 0.301603978448
174 153 0.288595032597
175 154 0.295183813744
176 155 0.28698279549
177 156 0.288037759974
178 157 0.289127304132
179 158 0.293507262901
180 159 0.311925879858
181 160 0.322214292504
182 161 0.326507873548
183 162 0.308889234697
184 163 0.312279087518
185 164 0.303604569407
186 165 0.31306699615
187 166 0.308795876666
188 167 0.314532951338
189 168 0.316562224066
190 169 0.31784951862
191 170 0.331962340416
192 171 0.335394274736
193 172 0.319256943523
194 173 7.2794499278
195 173 7.2794499278
196 173 7.2794499278
197 173 7.2794499278
198 173 7.2794499278
199 174 8.96151613061
200 174 8.96151613061
201 174 8.96151613061
202 174 8.96151613061
203 174 8.96151613061
204 175 5.5638916928
205 175 5.5638916928
206 176 0.251892758473
207 177 0.249244677993
208 178 0.262780435268
209 179 0.266675756313
210 180 0.278159721083
211 181 0.286680642824
212 182 0.282279856392
213 183 0.295402036401
214 184 0.290537406549
215 185 0.30265992392
216 186 0.301515264337
217 187 0.316698970315
218 188 0.317631904146
219 189 0.331339279809
220 190 0.337206464676
221 191 0.349437161979
222 192 0.350831898032
223 193 0.36763420626
224 194 0.368517386512
225 195 0.364516191051
226 196 0.355563483478
227 197 0.350781671377
228 198 0.367809327041
229 199 0.364802926973
230 200 0.346572911555
231 201 0.352982933496
232 202 0.368694338601
233 203 0.357630594433
234 204 0.344215034207
235 205 0.358644930404
236 206 0.366506456981
237 207 0.34870004065
238 208 0.344442082697
239 209 0.361476040609
240 210 0.355816902707
241 211 0.337699895353
242 212 0.334834599254
243 213 0.318756337494
244 214 0.311169025591
245 215 0.309261146528
246 216 0.290419419861
247 217 0.282680017801
248 218 0.266178599556
249 219 0.262982977861
250 220 0.266740318761
251 221 0.249570139812
252 222 0.237890504578
253 223 0.223433210389
254 224 0.210055546708
255 225 0.202478862357
256 226 0.186746654351
257 227 0.170679127086
258 228 0.15373468524
259 229 0.13984607808
260 230 0.121992964578
261 231 0.111372696154
262 232 0.0929782146637
263 233 0.0935652736711
264 234 0.111094147669
265 235 0.127386991802
266 236 0.144577739705
267 237 0.161897471469
268 238 0.173312729809
269 239 0.192066050724
270 240 0.203613583531
271 241 0.213399829092
272 242 0.231865759594
273 243 0.2389552987
274 244 0.256716058172
275 245 0.269369211459
276 246 0.286222534731
277 247 0.302701902543
278 248 0.308019309804
279 249 0.327071595844
280 250 0.33161861399
281 251 0.331703715538
282 252 0.338897667282
283 253 0.348071644975
284 254 0.340187868521
285 255 0.347538405238
286 256 0.354383486652
287 257 0.364716873776
288 258 0.3804973342
289 259 0.389059871518
290 260 0.375394166768
291 261 0.375287164349
292 262 0.382150283483
293 263 0.386781962513
294 264 0.383426744926
295 265 0.396153661322
296 266 0.396408627203
297 267 0.411248410943
298 268 0.415075574961
299 269 0.429012437131
300 270 0.436279299077
301 271 0.451156055506
302 272 0.463394116321
303 273 0.463816912902
304 274 0.482625394466
305 275 0.476302501452
306 276 0.46678017591
307 277 0.481973779811
308 278 0.487301779624
309 279 0.504562125426
310 280 4.54052114056
311 280 4.54052114056
312 280 4.54052114056
313 280 4.54052114056
314 280 4.54052114056
315 281 4.89965558792
316 281 4.89965558792
317 281 4.89965558792
318 281 4.89965558792
319 281 4.89965558792
320 282 7.94000290295
321 282 7.94000290295
322 282 7.94000290295
323 282 7.94000290295
324 282 7.94000290295
325 283 3.2903158367
326 283 3.2903158367
327 284 0.479219098961
328 285 0.462094188425
329 286 0.457067132466
330 287 0.444784241607
331 288 0.433488357415
332 289 0.42500758076
333 290 0.40771378555
334 291 0.399770426574
335 292 0.393294846568
336 293 0.389901840152
337 294 0.380243531161
338 295 0.397686187652
339 296 0.401017688568
340 297 0.382372065635
341 298 0.38140021217
342 299 0.399389838168
343 300 0.404004415004
344 301 0.395784887788
345 302 0.405671879382
346 303 0.398637996806
347 304 0.398645494575
348 305 0.386188197452
349 306 0.39031394039
350 307 0.38248611943
351 308 0.398308203185
352 309 0.398615985546
353 310 0.415367886352
354 311 0.417085307688
355 312 0.423215039119
356 313 0.406944411646
357 314 0.394437878919
358 315 0.374659589338
359 316 0.372222954911
360 317 0.383864684741
361 318 0.378061555498
362 319 0.390524513532
363 320 0.385833769616
364 321 0.400910188426
365 322 0.396324124594
366 323 0.413153502401
367 324 0.430744359923
368 325 0.433778629189
369 326 0.428834910679
370 327 0.445146512814
371 328 0.446622131831
372 329 0.459047618244
373 330 0.44476373167
374 331 0.43202384026
375 332 0.445114001711
376 333 0.450197743321
377 334 0.430964463101
378 335 0.42773205747
379 336 0.443997469442
380 337 0.438207641716
381 338 0.419922667196
382 339 0.428171182827
383 340 0.440185367719
384 341 0.424745830306
385 342 0.413899993765
386 343 0.428852669087
387 344 0.429832479473
388 345 0.410490371488
389 346 0.408565967794
390 347 0.424215897251
391 348 0.424232757393
392 349 0.410782767612
393 350 0.413953166543
394 351 0.394453485709
