1 0 0.362396203658
2 1 0.352119568136
3 2 0.343707869045
4 3 0.336086733623
5 4 0.33479264368
6 5 0.330234062229
7 6 0.336085705424
8 7 0.327822320554
9 8 0.309185223988
10 9 0.299327137023
11 10 0.299796781034
12 11 0.293433384703
13 12 0.305936105217
14 13 0.325502662907
15 14 0.329134651641
16 15 0.319642327752
17 16 0.322209723757
18 17 0.313260523092
19 18 0.32298377955
20 19 0.317350508232
21 20 0.325228779474
22 21 0.315687852743
23 22 0.297018953812
24 23 0.30167690332
25 24 0.297033421265
26 25 0.299485731741
27 26 0.297771512525
28 27 0.307024634665
29 28 0.307679945311
30 29 0.319781917914
31 30 0.317863835744
32 31 0.332294064629
33 32 0.341181522355
34 33 0.325265828591
35 34 0.317003814742
36 35 0.312146432667
37 36 0.297663846561
38 37 0.303301633726
39 38 0.302948280303
40 39 0.313706884111
41 40 0.32759198556
42 41 0.346200157433
43 42 0.358201648107
44 43 0.373932262445
45 44 0.368188771717
46 45 0.354452053885
47 46 0.337233212533
48 47 0.330496269052
49 48 0.311125448165
50 49 0.310187090678
51 50 0.293003749739
52 51 0.289656596162
53 52 0.272096058504
54 53 0.267678132335
55 54 0.260395161444
56 55 0.24475640324
57 56 0.235485427197
58 57 0.241125044936
59 58 0.258979051799
60 59 0.264353755955
61 60 0.281202663768
62 61 0.288664056342
63 62 0.288724060188
64 63 0.295507493417
65 64 0.311998324752
66 65 0.312863535424
67 66 0.312604840088
68 67 0.326841164017
69 68 0.339393855288
70 69 0.336348419648
71 70 0.341122146839
72 71 0.358393099014
73 72 0.363554281578
74 73 0.358029703872
75 74 0.364264222129
76 75 0.383999159556
77 76 0.382535910028
78 77 0.37664115543
79 78 0.389442203744
80 79 0.376329870072
81 80 0.388104665585
82 81 0.387284837881
83 82 0.36824668974
84 83 0.365406657263
85 84 0.346804651346
86 85 0.340084617719
87 86 0.327830268742
88 87 0.328464031521
89 88 0.31135009772
90 89 0.313769509117
91 90 0.297529565755
92 91 0.297042852088
93 92 0.280645053145
94 93 0.28282600111
95 94 0.271907105383
96 95 0.275208938128
97 96 0.283400087868
98 97 0.292516440876
99 98 0.294072799826
100 99 0.284363350187
101 100 0.281720661127
102 101 0.278118600394
103 102 0.297186230633
104 103 0.307571700964
105 104 0.309104583447
106 105 0.326546150523
107 106 0.322615850486
108 107 0.310377876004
109 108 0.324477956033
110 109 0.339031895257
111 110 0.327463039157
112 111 0.322501193115
113 112 0.341724590952
114 113 0.347123615592
115 114 0.331804259917
116 115 0.334518658016
117 116 0.35397508058
118 117 0.350254370714
119 118 0.337150341481
120 119 0.350514665983
121 120 0.364223533845
122 121 0.352064758434
123 122 0.347631115236
124 123 0.366990640307
125 124 0.367390594865
126 125 0.384953010412
127 126 0.389074177679
128 127 0.405246685365
129 128 0.405903029336
130 129 0.395572238304
131 130 0.384434072832
132 131 0.376206446293
133 132 0.364884202288
134 133 0.361708780515
135 134 0.35195095736
136 135 0.362550739204
137 136 0.358335732505
138 137 0.368134473319
139 138 0.359760013113
140 139 0.360326679136
141 140 0.370471181668
142 141 0.379515585309
143 142 0.384303666501
144 143 0.385633744091
145 144 0.384344496414
146 145 0.369380431123
147 146 0.36887747552
148 147 0.350851944406
149 148 0.340767113537
150 149 0.322194004057
151 150 0.307039148852
152 151 0.309077898082
153 152 0.328642432669
154 153 0.325133369309
155 154 0.314235718145
156 155 0.330530901236
157 156 0.343678272751
158 157 0.3562858993
159 158 0.358710016553
160 159 0.350837469611
161 160 0.361136179276
162 161 0.358435156678
163 162 0.375145242516
164 163 0.377162925757
165 164 0.39544706379
166 165 0.402904055407
167 166 0.414550698511
168 167 0.428665773271
169 168 0.443588591991
170 169 0.433398274224
171 170 0.422441348345
172 171 0.438308458301
173 172 0.441604981375
174 173 0.429095312218
175 174 0.429286802979
176 175 0.418325375255
177 176 0.403855750956
178 177 0.387438500106
179 178 0.376003541638
180 179 0.378697491681
181 180 0.363196356259
182 181 0.368794851283
183 182 0.356526774477
184 183 0.359511950648
185 184 0.375734104757
186 185 0.391722182573
187 186 0.411589127441
188 187 0.424991337198
189 188 0.430680206553
190 189 0.411878654302
191 190 0.409928845857
192 191 0.425503621361
193 192 0.421471025327
194 193 0.403476900613
195 194 0.411837973428
196 195 0.424684122214
197 196 0.41098982063
198 197 0.398117374638
199 198 0.411236622833
200 199 0.414227721318
201 200 0.394871399923
202 201 0.392682764939
203 202 0.408303065881
204 203 0.400291504083
205 204 0.383296089818
206 205 0.392578254239
207 206 0.402096074657
208 207 0.384436661962
209 208 0.376651343065
210 209 0.392701873251
211 210 0.389456915932
212 211 0.370186726007
213 212 0.374663928208
214 213 0.389371073267
215 214 0.378668393451
216 215 0.363959257258
217 216 0.373762823767
218 217 0.390293995642
219 218 0.381030338284
220 219 0.374908284396
221 220 0.393379885107
222 221 0.408951536107
223 222 0.426964500101
224 223 4.44841311416
225 223 4.44841311416
226 223 4.44841311416
227 223 4.44841311416
228 223 4.44841311416
229 224 7.19966628139
230 224 7.19966628139
231 224 7.19966628139
232 224 7.19966628139
233 224 7.19966628139
234 225 9.81730431817
235 225 9.81730431817
236 225 9.81730431817
237 225 9.81730431817
238 225 9.81730431817
239 226 14.3125086989
240 226 14.3125086989
241 226 14.3125086989
242 226 14.3125086989
243 226 14.3125086989
244 227 10.0811996792
245 227 10.0811996792
246 227 10.0811996792
247 228 13.2127006207
248 229 12.5605524411
249 230 11.967205631
250 231 11.5250368049
251 232 11.7220014838
252 233 11.6800811818
253 234 11.4955387868
254 235 12.0003359039
255 236 12.2813667113
256 237 12.5774441783
257 238 12.2923623554
258 239 11.5452762129
259 240 10.9960298684
260 241 10.9305705339
261 242 11.0666387929
262 243 11.5019989216
263 244 12.210915372
264 245 13.0261408208
265 246 14.0381483784
266 247 14.8621605999
267 248 16.0688474629
268 249 16.757297562
269 250 17.98016259
270 251 18.0789874432
271 252 18.0013605238
272 253 16.8675716323
273 254 15.9919859457
274 255 14.6180597743
275 256 13.633491943
276 257 12.5898810179
277 258 11.743904144
278 259 11.1338585309
279 260 10.8958100938
280 261 11.1004301894
281 262 11.7394936223
282 263 12.5342722727
283 264 12.4977490444
284 265 12.7059789894
285 266 12.3629044221
286 267 12.0656774176
287 268 11.7200765613
288 269 11.3610888314
289 270 11.1260310572
290 271 11.2068939883
291 272 11.8653928454
292 273 12.5814107054
293 274 13.8254160356
294 275 15.0071154564
295 276 15.4093230204
296 277 16.8651676579
297 278 17.9898853215
298 279 17.9603779769
299 280 16.7573185962
300 281 17.8066111149
301 282 17.0087431065
302 283 16.6654347221
303 284 15.1412236433
304 285 14.9388499376
305 286 15.1035557903
306 287 13.9321772308
307 288 13.1768952912
308 289 13.1387346531
309 290 13.089708199
310 291 12.3010272764
311 292 12.0995938945
312 293 12.6355420817
313 294 12.5430017342
314 295 12.4273827681
315 296 12.5709975479
316 297 12.746187361
317 298 12.4249540909
318 299 12.1979660002
319 300 12.3359698533
320 301 12.794056888
321 302 13.6759454072
322 303 14.33950405
323 304 15.4873950391
324 305 14.4230045254
325 306 13.3453051884
326 307 13.7292186783
327 308 13.325047658
328 309 12.4299790367
329 310 12.3852743435
330 311 12.5095538066
331 312 11.9539464046
332 313 11.8101524831
333 314 12.0070219952
334 315 11.6551569167
335 316 11.5096789338
336 317 11.8792260603
337 318 12.3135710186
338 319 13.4231569914
339 320 14.4599643471
340 321 14.5874685167
341 322 14.9410807686
342 323 14.7209063945
343 324 15.2696420049
344 325 15.2499997759
345 326 16.2343986486
346 327 16.9062720934
347 328 17.97656988
348 329 19.0797502454
349 330 18.3898041229
350 331 17.4696518638
351 332 16.3473717157
352 333 15.4271558795
353 334 15.2195614378
354 335 14.4416526937
355 336 14.3565224723
356 337 13.4913915645
357 338 13.0394399226
358 339 12.5867437391
359 340 11.8667237052
360 341 11.3578001503
361 342 11.5240132981
362 343 11.8041022205
363 344 11.3906662503
364 345 11.0464662871
365 346 11.2529130731
366 347 11.3370210534
367 348 11.8779699442
368 349 12.2692421624
369 350 12.9869388835
370 351 13.8430831124
371 352 14.4565600573
372 353 15.4760099399
373 354 16.1603916159
374 355 17.2218870067
375 356 18.1950275179
376 357 18.4365287498
377 358 19.8826959501
378 359 20.7352751257
379 360 21.4824198879
380 361 20.1239579695
381 362 19.3387418141
382 363 18.1667683834
383 364 19.107817451
384 365 20.329404852
385 366 19.2225844411
386 367 19.7182438578
387 368 18.1409958372
388 369 17.8599706589
389 370 16.4483934995
390 371 15.5714758871
391 372 14.8589230857
392 373 15.1854680085
393 374 14.6333914212
394 375 14.6266933691
395 376 14.5236327195
396 377 13.9391361897
397 378 14.3772644858
398 379 13.8614362104
399 380 14.1801968387
400 381 13.8134740669
401 382 14.0336634443
402 383 13.9832871574
403 384 14.3361206976
404 385 14.2167200086
405 386 13.3479286111
406 387 13.4466138168
407 388 13.5934665672
408 389 14.1368190925
409 390 14.0071406506
410 391 14.6203687328
411 392 14.8799965409
412 393 15.6201023926
413 394 15.4013986408
414 395 16.5392941184
415 396 16.7073711428
416 397 17.9373309449
417 398 19.1994567101
418 399 20.2229814118
419 400 21.7010491889
420 401 21.0409241767
421 402 20.4687200124
422 403 18.8815632275
423 404 18.0840394305
424 405 17.2237324824
425 406 16.0570064782
426 407 15.8042883257
427 408 14.8595135158
428 409 14.8800850355
429 410 14.4451776933
430 411 14.7138390946
431 412 14.4140693926
432 413 14.1206258475
433 414 13.0643305516
434 415 12.9417678986
435 416 12.4541586281
436 417 12.7832944077
437 418 12.5043724706
438 419 12.5438392208
439 420 12.2760761515
440 421 12.6167818645
441 422 13.1522206398
442 423 13.6696057346
443 424 14.9478874187
444 425 15.0483424035
445 426 14.6694766231
446 427 14.1228888146
447 428 13.309920553
448 429 13.6174963783
449 430 13.0663149455
450 431 13.1256118339
451 432 12.8973727453
452 433 13.2497965614
453 434 13.6271219632
454 435 14.0126781771
455 436 14.6371176059
456 437 14.3111934356
457 438 15.9732584249
458 439 16.1071984036
459 440 15.8143616723
460 441 17.4453116529
461 442 16.5613219519
462 443 16.2952774716
463 444 14.5626094566
464 445 13.607470482
465 446 12.5695386596
466 447 12.0862795982
467 448 11.7480417422
468 449 11.8529785816
469 450 12.0065827116
470 451 12.2623182796
471 452 12.699292976
472 453 13.2159320265
473 454 14.4622713097
474 455 15.7491487588
475 456 16.2682978693
