1 0 8.98411740029
2 0 8.98411740029
3 0 8.98411740029
4 1 0.229499986577
5 2 0.238839088122
6 3 0.248674300751
7 4 0.261866691106
8 5 0.267033442169
9 6 0.271319493871
10 7 0.259712490526
11 8 0.261418817468
12 9 0.247332698543
13 10 0.229391023609
14 11 0.227332688898
15 12 0.243634742032
16 13 0.242555084432
17 14 0.25587118768
18 15 0.269583921822
19 16 0.265663258074
20 17 0.281196839746
21 18 0.282829111961
22 19 0.293461427036
23 20 3.74331023128
24 20 3.74331023128
25 20 3.74331023128
26 20 3.74331023128
27 20 3.74331023128
28 21 3.81442601154
29 21 3.81442601154
30 21 3.81442601154
31 22 5.59053878071
32 22 5.59053878071
33 22 5.59053878071
34 22 5.59053878071
35 22 5.59053878071
36 23 3.89180168784
37 23 3.89180168784
38 23 3.89180168784
39 23 3.89180168784
40 23 3.89180168784
41 24 3.66161261173
42 25 0.366613372941
43 26 0.347620948167
44 27 0.345148293907
45 28 0.356755742624
46 29 0.354059495822
47 30 0.36101606053
48 31 0.358470664964
49 32 0.364145048841
50 33 0.359988723722
51 34 0.363805456489
52 35 0.366344047363
53 36 0.354292081005
54 37 0.363241831215
55 38 0.347109192194
56 39 0.338313993532
57 40 0.342168859194
58 41 0.339782018918
59 42 0.33812555125
60 43 0.339305396084
61 44 0.341871133301
62 45 0.33548295808
63 46 0.339848267921
64 47 0.336308185439
65 48 0.342095511603
66 49 0.337669781386
67 50 0.335953668636
68 51 0.324761321202
69 52 0.317051034229
70 53 0.325577747175
71 54 0.318170938215
72 55 0.32560285343
73 56 0.31551266878
74 57 0.321040895927
75 58 0.315132007711
76 59 0.318248046455
77 60 0.315533029806
78 61 0.314810630738
79 62 0.316200704363
80 63 0.315913221702
81 64 0.312988350378
82 65 0.305382833389
83 66 0.286905711301
84 67 0.284583859564
85 68 0.267907822707
86 69 0.264936298215
87 70 0.273748917732
88 71 0.271954966073
89 72 0.280400681766
90 73 0.281279514691
91 74 0.284736686561
92 75 0.272017163298
93 76 0.274062220127
94 77 0.267727955469
95 78 0.270153048785
96 79 0.267068780473
97 80 0.270332421137
98 81 0.274039657133
99 82 0.273409480543
100 83 0.2906749325
101 84 0.296225927418
102 85 0.293575329259
103 86 0.28038953921
104 87 0.26343514269
105 88 0.25062193685
106 89 0.232270669896
107 90 0.231122952841
108 91 0.219306470471
109 92 0.232454802797
110 93 0.246024232247
111 94 0.23504441659
112 95 0.230946154483
113 96 0.2493610556
114 97 0.252686149222
115 98 0.239680239101
116 99 0.246695019376
117 100 0.26392475685
118 101 0.258541579374
119 102 0.251374921827
120 103 0.267613253049
121 104 0.279484863294
122 105 0.268511197834
123 106 0.272609092482
124 107 0.291135371159
125 108 0.296418227381
126 109 0.300872057092
127 110 0.290730559598
128 111 0.295205401529
129 112 0.312880694946
130 113 0.307536663883
131 114 0.298498583213
132 115 0.291741848345
133 116 0.297999284211
134 117 0.290838194802
135 118 0.296120962015
136 119 0.290237389633
137 120 0.293634465157
138 121 0.293197272223
139 122 0.29465520416
140 123 0.298151563524
141 124 0.294474804774
142 125 0.308074632382
143 126 0.312939602169
144 127 0.303247606476
145 128 0.309588872229
146 129 0.301322462624
147 130 0.315050684041
148 131 0.307038064114
149 132 0.311045219637
150 133 4.71335216522
151 133 4.71335216522
152 133 4.71335216522
153 133 4.71335216522
154 133 4.71335216522
155 134 4.15790055186
156 134 4.15790055186
157 134 4.15790055186
158 134 4.15790055186
159 134 4.15790055186
160 135 3.19437228339
161 135 3.19437228339
162 135 3.19437228339
163 136 0.248556318057
164 137 0.266856737414
165 138 0.264343732406
166 139 0.267235879336
167 140 0.286086297488
168 141 0.288521225253
169 142 0.280909858027
170 143 0.296000312793
171 144 0.307697906515
172 145 0.29677655406
173 146 0.297520144922
174 147 0.316522234397
175 148 0.318730652579
176 149 0.308387340701
177 150 0.317322761555
178 151 0.334567632222
179 152 0.330221058493
180 153 0.323949304829
181 154 0.339378212058
182 155 0.350639302671
183 156 0.342416090136
184 157 0.345957064146
185 158 0.327482328376
186 159 0.325069960158
187 160 0.316595320255
188 161 0.310559704332
189 162 0.316774926661
190 163 0.322618243449
191 164 0.306243789425
192 165 0.308627798904
193 166 0.298517826709
194 167 0.299408711362
195 168 0.290369643382
196 169 0.288984122787
197 170 0.27822698334
198 171 0.264825274622
199 172 0.264573583089
200 173 0.270867109612
201 174 0.273662819271
202 175 0.283148741715
203 176 0.292507349867
204 177 0.300762561749
205 178 0.309583831243
206 179 0.320420374301
207 180 0.305578031563
208 181 0.296500164247
209 182 0.281430815706
210 183 0.272157679704
211 184 0.268770659814
212 185 0.259155660978
213 186 0.252254324459
214 187 0.248405474662
215 188 0.243973116811
216 189 0.239269644087
217 190 0.240652780189
218 191 0.255002601968
219 192 0.254576064128
220 193 0.246905527555
221 194 0.253131882681
222 195 0.267042009286
223 196 0.263212731339
224 197 0.277888990513
225 198 0.29032062942
226 199 0.284156169681
227 200 0.285680998171
228 201 0.303572024848
229 202 0.308823578075
230 203 0.301195941909
231 204 0.309318017756
232 205 0.326046076338
233 206 0.32315991461
234 207 0.317501338992
235 208 0.33360893827
236 209 0.344870205367
237 210 0.336506891238
238 211 0.338247226739
239 212 0.356891902257
240 213 0.360735667996
241 214 0.351196510724
242 215 0.361352515797
243 216 0.377369532694
244 217 0.373074668338
245 218 0.369305667999
246 219 0.385922483261
247 220 0.400079585038
248 221 0.394961428876
249 222 5.16726718439
250 222 5.16726718439
