1 0 0.423004021228
2 1 0.428397559764
3 2 0.437041999664
4 3 0.421748945986
5 4 0.424044215301
6 5 0.41256567335
7 6 0.411424614087
8 7 0.425306621961
9 8 0.437605361986
10 9 0.456942631165
11 10 0.461519611968
12 11 0.474992494966
13 12 0.48529540902
14 13 0.500085048734
15 14 0.500647675161
16 15 0.518872387957
17 16 0.51022197523
18 17 0.500320636414
19 18 0.481515029256
20 19 0.466603697851
21 20 0.449328304029
22 21 0.433543423204
23 22 0.414881871692
24 23 0.412574860899
25 24 0.429294717276
26 25 0.428311641379
27 26 0.442601237977
28 27 0.439099323352
29 28 0.440939921876
30 29 0.447361537226
31 30 0.45984686291
32 31 0.464858242488
33 32 0.462993977833
34 33 0.455925663446
35 34 0.441550756568
36 35 0.427404312602
37 36 0.408291569167
38 37 0.399215051997
39 38 0.397202234655
40 39 0.404512041121
41 40 0.421461707921
42 41 0.437556170437
43 42 0.447610740766
44 43 0.465978647866
45 44 0.475968983697
46 45 0.49483923654
47 46 0.510567128384
48 47 0.520774367818
49 48 0.504356579607
50 49 0.513107200874
51 50 0.517007549303
52 51 0.49753193421
53 52 0.486688701373
54 53 0.466694745776
55 54 0.456131110824
56 55 0.43617717028
57 56 0.421758918335
58 57 0.409384962527
59 58 0.391806538903
60 59 0.373222935887
61 60 0.361001250531
62 61 0.346027005036
63 62 0.343848595532
64 63 0.355435221292
65 64 0.366300888078
66 65 0.373088383808
67 66 0.392884680815
68 67 0.403933951482
69 68 0.409789200344
70 69 0.394877088853
71 70 0.386026716977
72 71 0.366274783347
73 72 0.349497006333
74 73 0.335787389934
75 74 0.31776714962
76 75 0.311858361489
77 76 0.296221421825
78 77 0.296045326012
79 78 0.302808789747
80 79 0.309036934788
81 80 0.316383861979
82 81 0.335016578743
83 82 0.335117470805
84 83 0.325214655151
85 84 0.317882779357
86 85 0.323101632413
87 86 0.319459268275
88 87 0.33383992946
89 88 0.322923415407
90 89 0.304436229794
91 90 0.302533334777
92 91 0.321267490187
93 92 0.326789075512
94 93 0.324828270114
95 94 0.340740665347
96 95 0.343535606397
97 96 0.349258900229
98 97 0.354595984719
99 98 0.350063721279
100 99 0.369091473223
101 100 0.375190915716
102 101 0.375085282321
103 102 0.388680937293
104 103 0.387587761907
105 104 0.375558208306
106 105 0.369259225677
107 106 0.357486096542
108 107 0.347442826522
109 108 0.34434562679
110 109 0.336469161392
111 110 0.339159051367
112 111 0.325910512197
113 112 0.322225548916
114 113 0.302938391134
115 114 0.294020364342
116 115 0.294318145367
117 116 0.312348674639
118 117 0.326443166143
119 118 0.343984453226
120 119 0.361733207495
121 120 0.371303283649
122 121 0.386021959279
123 122 0.384243869611
124 123 0.395359826656
125 124 0.392497890047
126 125 0.38631028096
127 126 0.388698684757
128 127 0.383290131063
129 128 0.374100808818
130 129 0.366163861714
131 130 0.353989565295
132 131 0.364546762673
133 132 0.367467130561
134 133 0.369338139569
135 134 0.376758778055
136 135 0.375816638036
137 136 0.394011979055
138 137 0.413297949301
139 138 0.415675501968
140 139 0.434143689617
141 140 0.434274942333
142 141 0.415300834925
143 142 0.412413737037
144 143 0.399146048368
145 144 0.407805479009
146 145 0.395084304463
147 146 0.380613722618
148 147 0.362998357214
149 148 0.346129838981
150 149 0.343406946011
151 150 0.333313692335
152 151 0.320349498672
153 152 0.325851327972
154 153 0.317954367445
155 154 0.322081909016
156 155 0.324791974004
157 156 0.32393183235
158 157 0.340048773656
159 158 0.349546549234
160 159 0.365690163088
161 160 0.378452861785
162 161 0.371898710007
163 162 0.373163064865
164 163 0.391452740518
165 164 0.398240969228
166 165 0.390876936041
167 166 0.40002661481
168 167 0.417991743815
169 168 0.421366120919
170 169 0.428486139993
171 170 0.427379574391
172 171 0.407215023399
173 172 0.402127760023
174 173 0.384129803668
175 174 0.390702753444
176 175 0.402350043854
177 176 0.388062334804
178 177 0.376100400452
179 178 0.39112794616
180 179 0.393609481202
181 180 0.375202023106
182 181 0.372907661333
183 182 0.37959603573
184 183 0.370869421485
185 184 0.373657816102
186 185 0.369812462493
187 186 0.368712007661
188 187 0.372421769351
189 188 0.367128824052
190 189 0.375184660439
191 190 0.357307633783
192 191 0.350938992582
193 192 0.343384761442
194 193 0.348684083099
195 194 0.344444663149
196 195 0.345692633662
197 196 0.344555444514
198 197 0.349438030463
199 198 0.34853699079
200 199 0.333014035703
201 200 0.316895661
202 201 0.31814196368
203 202 0.336447106677
204 203 0.331263565329
205 204 0.315609204044
206 205 0.32772900803
207 206 0.340515830552
208 207 0.325803689762
209 208 0.319672419388
210 209 0.338527715041
211 210 0.344018395452
212 211 0.327353247154
213 212 0.330280009497
214 213 0.350200914428
215 214 0.347422873283
216 215 0.334947503291
217 216 0.346469683669
218 217 0.364375891385
219 218 0.373452448707
220 219 0.38809627806
221 220 0.39133464293
222 221 0.372741241271
223 222 0.371734675993
224 223 0.377958468219
225 224 0.363620867407
226 225 0.348945449721
227 226 0.354883686977
228 227 0.356206237014
229 228 0.336935638651
230 229 0.330111371474
231 230 0.338999591359
232 231 0.334196370261
233 232 0.314476089412
234 233 0.313863909719
235 234 0.321335148213
236 235 0.305305375421
237 236 5.43437251857
238 236 5.43437251857
239 236 5.43437251857
240 236 5.43437251857
