1 0 0.19667714745
2 1 0.211191807642
3 2 0.215028689508
4 3 0.228977054951
5 4 0.239484476151
6 5 0.231833362892
7 6 0.215313199175
8 7 0.220854754633
9 8 0.229245984876
10 9 0.214822856373
11 10 0.205178196606
12 11 0.217613806911
13 12 0.220022359106
14 13 0.203073584263
15 14 0.202543712686
16 15 0.218082316032
17 16 0.213167220302
18 17 0.21386500086
19 18 0.197394279903
20 19 0.194586182152
21 20 0.184323187272
22 21 0.176231524612
23 22 0.173126774544
24 23 0.15750861569
25 24 0.158052848499
26 25 0.157201163739
27 26 0.16596638524
28 27 0.178849728323
29 28 0.170824024747
30 29 0.155585426803
31 30 0.149284421852
32 31 0.139578837739
33 32 0.125211449437
34 33 0.121727019062
35 34 0.109623190452
36 35 0.108360452203
37 36 0.0981643160492
38 37 0.0989713358987
39 38 0.0924791650259
40 39 0.0851401351511
41 40 0.089140987582
42 41 0.0817096874907
43 42 0.087935800293
44 43 0.101826894131
45 44 0.109349574049
46 45 0.111126882696
47 46 0.109165604498
48 47 0.111769773982
49 48 0.112050107861
50 49 0.120254013409
51 50 0.120797910993
52 51 0.131511829283
53 52 0.131659745554
54 53 0.1434983045
55 54 0.13594952435
56 55 0.14205591443
57 56 0.131938812572
58 57 0.1334207248
59 58 0.123805630285
60 59 0.127437564457
61 60 0.1212958703
62 61 0.126010417833
63 62 0.125305071532
64 63 0.133271159434
65 64 0.140485595106
66 65 0.149736964766
67 66 0.16691823432
68 67 0.18366511387
69 68 0.194462713398
70 69 0.210161006383
71 70 0.206656358424
72 71 0.196134746781
73 72 0.208050333707
74 73 0.196135465621
75 74 0.180817126647
76 75 0.172805734957
77 76 0.171937904986
78 77 0.16790802519
79 78 0.164342960506
80 79 0.16592096809
81 80 0.162024876886
82 81 0.166332551389
83 82 0.161790286186
84 83 0.177322750545
85 84 0.187438378839
86 85 0.19454016563
87 86 0.189512560866
88 87 0.207827189746
89 88 0.209577806173
90 89 0.218816540023
91 90 0.2043963141
92 91 0.192590186525
93 92 0.203715242859
94 93 0.209915504535
95 94 0.19294790704
96 95 0.189107719583
97 96 0.205132743283
98 97 0.202648023565
99 98 0.185693477046
100 99 0.191033291496
101 100 0.205013118186
102 101 0.193659022449
103 102 0.183892761452
104 103 0.197473325044
105 104 0.196780585996
106 105 0.212002123165
107 106 0.212001664355
108 107 0.196340865309
109 108 0.185575958444
110 109 0.187161193784
111 110 0.186192771806
112 111 0.189365393941
113 112 0.171589338533
114 113 0.166830579847
115 114 0.177275283275
116 115 0.168509364643
117 116 0.181862645025
118 117 0.199682469523
119 118 0.193324392556
120 119 0.176458204845
121 120 0.170926427996
122 121 0.156708398315
123 122 0.159636546233
124 123 0.151572683877
125 124 0.148000616195
126 125 0.146692520247
127 126 0.142519856528
128 127 0.145406314706
129 128 0.141221632027
130 129 0.147873468717
131 130 0.141468774838
132 131 0.150043989162
133 132 0.160216439461
134 133 0.171201707837
135 134 0.178972119436
136 135 0.183658964586
137 136 0.168470908796
138 137 0.175126848092
139 138 0.166274242186
140 139 0.15160464552
141 140 0.152275240499
142 141 0.157529892001
143 142 0.143850526003
144 143 0.133525680446
145 144 0.14205627284
146 145 0.143154955686
147 146 0.126862496026
148 147 0.123623101423
149 148 0.135508120296
150 149 0.131312688306
151 150 0.116355746485
152 151 0.119750953211
153 152 0.116394641756
154 153 0.123688611222
155 154 0.120520716127
156 155 0.131400749892
157 156 0.142558479115
158 157 0.143619317323
159 158 0.155162314502
160 159 0.174106452759
161 160 0.183246526148
162 161 0.197509824662
163 162 0.193564808479
164 163 0.212274184884
165 164 0.212616351163
166 165 0.195870838844
167 166 0.186006358763
168 167 0.168187496801
169 168 0.153717704091
170 169 0.148343575306
171 170 0.133221662083
172 171 0.124794103363
173 172 0.115898871935
174 173 0.0987284936647
175 174 0.0963288219766
176 175 0.109886524684
177 176 0.114793431679
178 177 0.129081960728
179 178 0.12852819236
180 179 0.139794968546
181 180 0.151934175767
182 181 0.160722814742
183 182 0.167309132938
184 183 0.163080574908
185 184 0.174465238951
186 185 0.170211460171
187 186 0.178681280496
188 187 0.180423246993
189 188 0.187823247507
190 189 0.195822611733
191 190 0.203115068802
192 191 0.218228445056
193 192 0.219474171747
194 193 0.233307619949
195 194 0.231356975406
196 195 0.21390886452
197 196 0.205414958787
198 197 0.189355547236
199 198 0.178015905338
200 199 0.168771601431
201 200 0.178647216847
202 201 0.17197473223
203 202 0.180258671124
204 203 0.189148634674
205 204 0.191887396843
206 205 0.199371849528
207 206 0.210061113728
208 207 0.218176610349
209 208 0.218177301311
210 209 0.234584631646
211 210 0.22999240838
212 211 0.216832877701
213 212 0.213885309194
214 213 0.204756676094
215 214 0.20350067397
216 215 0.196043789994
217 216 0.189883947663
218 217 0.189378061266
219 218 0.192416820099
220 219 0.192717986206
221 220 0.205838974456
222 221 0.21074338202
223 222 0.214816561375
224 223 0.220245816172
225 224 0.217010410699
226 225 0.222217948236
227 226 0.226011241707
228 227 0.231259892317
229 228 0.224803027813
230 229 0.22911764034
231 230 0.213514690547
232 231 0.224068580405
233 232 0.241842160917
234 233 0.249066007144
235 234 0.246147343696
236 235 0.249193639561
237 236 0.258987851252
238 237 0.265154769187
239 238 0.256489099754
240 239 0.262725365667
241 240 0.261906815284
242 241 0.252020882845
243 242 0.238136806685
244 243 0.238456900784
245 244 0.23875150233
246 245 0.225385585832
247 246 0.214894122492
248 247 0.217504721504
249 248 0.214860886549
250 249 0.199775866415
251 250 0.192900534486
252 251 0.199498521361
253 252 0.189876349833
254 253 0.174963082053
255 254 0.17311171539
256 255 0.168962907943
257 256 0.1567663678
258 257 0.151076072858
259 258 0.152243839097
260 259 0.145828457193
261 260 0.132819051928
262 261 0.13282690701
263 262 0.135928893643
264 263 0.122994337343
265 264 0.116205519188
