1 0 7.0840466675
2 1 0.128283377448
3 2 0.140873066885
4 3 0.147080591186
5 4 0.136803463248
6 5 0.122256832053
7 6 0.117290842348
8 7 0.103930022815
9 8 0.0996723241692
10 9 0.089082699259
11 10 0.0861046206581
12 11 0.0780778510387
13 12 0.078362242477
14 13 0.087229022388
15 14 0.08772116146
16 15 0.083765007692
17 16 0.0807389980527
18 17 6.93321347618
19 17 6.93321347618
20 17 6.93321347618
21 17 6.93321347618
22 17 6.93321347618
23 18 7.99645051537
24 18 7.99645051537
25 18 7.99645051537
26 18 7.99645051537
27 18 7.99645051537
28 19 7.16032294249
29 19 7.16032294249
30 19 7.16032294249
31 19 7.16032294249
32 19 7.16032294249
33 20 8.81021161508
34 20 8.81021161508
35 20 8.81021161508
36 20 8.81021161508
37 20 8.81021161508
38 21 12.2952485517
39 21 12.2952485517
40 21 12.2952485517
41 21 12.2952485517
42 21 12.2952485517
43 22 12.406565415
44 22 12.406565415
45 22 12.406565415
46 22 12.406565415
47 22 12.406565415
48 23 7.28610335938
49 23 7.28610335938
50 24 0.17382201449
51 25 0.160785718529
52 26 0.157688537558
53 27 0.158314463999
54 28 0.147057329684
55 29 0.152899636271
56 30 0.147273060376
57 31 0.157227523119
58 32 0.164440656646
59 33 0.163855331748
60 34 0.180104372484
61 35 0.186454465293
62 36 0.2036761772
63 37 0.218100758845
64 38 0.233102408379
65 39 0.244674104347
66 40 0.253359470217
67 41 0.238168758335
68 42 0.23993117766
69 43 0.224750578796
70 44 0.218136666256
71 45 0.205193296219
72 46 0.188746222104
73 47 0.196868521791
74 48 0.206188940243
75 49 0.216099076562
76 50 0.222922812376
77 51 0.23825178096
78 52 0.233072251821
79 53 0.21370221995
80 54 0.206452880919
81 55 0.189143518508
82 56 0.177855095291
83 57 0.176672288252
84 58 0.164128820451
85 59 0.149459144648
86 60 0.154110232423
87 61 0.1614707103
88 62 0.177468408015
89 63 0.189947699634
90 64 0.206048963659
91 65 0.218255898283
92 66 0.235295093131
93 67 0.240061593927
94 68 0.228899967403
95 69 0.213019391214
96 70 0.200460866895
97 71 0.182267398298
98 72 0.174994156276
99 73 0.16307151018
100 74 0.147796170336
101 75 0.150975059405
102 76 0.165229076094
103 77 0.175791415692
104 78 0.185144673804
105 79 0.199111543211
106 80 0.213114885487
107 81 0.220930910115
108 82 0.23712641471
109 83 0.234687010296
110 84 0.218247072699
111 85 0.21474087868
112 86 0.20977068072
113 87 0.208140282788
114 88 0.214932333977
115 89 0.220948759415
116 90 0.237539918809
117 91 0.235028249378
118 92 0.252927528748
119 93 0.270406722583
120 94 0.284347024579
121 95 0.30119909895
122 96 0.300197941731
123 97 0.281419820108
124 98 0.264533322993
125 99 0.249111830374
126 100 0.23405845018
127 101 0.216330760626
128 102 0.207678522742
129 103 0.19306202649
130 104 0.197841942225
131 105 0.201619076633
132 106 0.218298074967
133 107 0.226996170314
134 108 0.236235690367
135 109 0.254419109899
136 110 0.262739422057
137 111 0.281497718966
138 112 0.292265701607
139 113 0.299074568818
140 114 0.281785232102
141 115 0.278027536872
142 116 0.284213573871
143 117 0.295863963532
144 118 0.295883811358
145 119 0.306123702647
146 120 0.303871234723
147 121 0.315631463531
148 122 0.327972851365
149 123 0.329037072068
150 124 0.344257310231
151 125 0.341927884524
152 126 0.343762947745
153 127 0.345244114603
154 128 0.337815401675
155 129 0.320361947317
156 130 0.316703152959
157 131 0.320559241244
158 132 0.310933155114
159 133 0.294429219636
160 134 0.285294713557
161 135 0.290355575694
162 136 0.279872865251
163 137 0.265196519228
164 138 0.26188785625
165 139 0.248023422971
166 140 0.232356614649
167 141 0.236103878238
168 142 0.223879437132
169 143 0.229062973243
170 144 0.225917514187
171 145 0.234131467129
172 146 0.236284249038
173 147 0.237795860649
174 148 0.255659684169
175 149 0.25862652706
176 150 0.25107692626
177 151 0.256906710364
178 152 0.257068147778
179 153 0.240179396287
180 154 0.232452640344
181 155 0.235299218173
182 156 0.238923435382
183 157 0.254214240364
184 158 0.250107898787
185 159 0.259618671108
186 160 0.257484088359
187 161 0.271043681384
188 162 0.261538682418
189 163 0.255493742406
190 164 0.238921248959
191 165 0.240840756558
192 166 0.24566667826
193 167 0.241559866811
194 168 0.225941816051
195 169 0.224249540308
196 170 0.216508171092
197 171 0.201432361945
198 172 0.19180337956
199 173 0.187212010494
200 174 0.172270580411
201 175 0.167499655816
202 176 0.15580046344
203 177 0.154573064565
204 178 0.167497485391
205 179 0.15872943719
206 180 0.152612866582
207 181 0.166887692506
208 182 0.176808626694
209 183 0.192682586829
210 184 0.19517304467
211 185 0.206808599242
212 186 0.203780848285
213 187 0.195047786713
214 188 0.198054009815
215 189 0.187030720182
216 190 0.185080645106
217 191 0.171766588014
218 192 0.16657489943
219 193 0.17163601974
220 194 0.185607994154
221 195 0.184685314893
222 196 0.189089982821
223 197 0.183376923656
224 198 0.19254883725
225 199 0.183476029568
226 200 0.192635314484
227 201 0.189680395159
228 202 0.188315655661
229 203 0.174663977179
230 204 0.18404122564
231 205 0.181112477171
232 206 0.190612925551
233 207 0.1850717817
234 208 0.197048057792
235 209 0.200446361371
236 210 0.202986072971
237 211 0.219307439369
238 212 0.228202555282
239 213 0.230729924139
240 214 0.214164567416
241 215 0.213282919734
242 216 0.227083184738
243 217 0.221506728204
244 218 0.212169111415
245 219 0.22030070237
246 220 4.71144309159
247 220 4.71144309159
248 220 4.71144309159
249 220 4.71144309159
250 220 4.71144309159
251 221 3.36221437275
252 221 3.36221437275
253 221 3.36221437275
254 221 3.36221437275
255 221 3.36221437275
256 222 9.95762939957
257 222 9.95762939957
258 222 9.95762939957
259 222 9.95762939957
260 222 9.95762939957
261 223 11.740837182
262 223 11.740837182
263 223 11.740837182
264 223 11.740837182
265 223 11.740837182
266 224 9.23155447142
267 224 9.23155447142
268 224 9.23155447142
269 224 9.23155447142
270 224 9.23155447142
271 225 5.2307861736
272 225 5.2307861736
273 225 5.2307861736
274 225 5.2307861736
275 226 0.294626496024
276 227 0.277630242789
277 228 0.283855224444
278 229 0.291827896246
279 230 0.276265347282
280 231 0.265960267641
281 232 0.265902791511
282 233 0.264571755159
283 234 0.252979351833
284 235 0.252578507353
285 236 0.23735365331
286 237 0.234699172013
287 238 0.240736705795
288 239 0.228910760184
289 240 0.213217928425
290 241 0.202538917278
291 242 0.191936388196
292 243 0.180647578819
293 244 0.184629114516
294 245 0.185102380779
295 246 0.171163563803
296 247 0.166613811135
297 248 0.171993592639
298 249 0.163616571849
299 250 0.151690469109
300 251 0.154979023638
301 252 0.156626015087
302 253 0.143395657209
303 254 0.137526313407
304 255 0.14493721486
305 256 0.139374719049
306 257 0.127563347822
307 258 0.130681075742
308 259 0.134320471042
309 260 0.122602239123
310 261 0.117719216929
311 262 0.126403093814
312 263 0.1314674761
313 264 0.144902317637
314 265 0.151327324949
315 266 0.158935534544
316 267 0.163545373231
317 268 0.153617551808
318 269 0.143401315095
319 270 0.148022277942
320 271 0.149183965045
321 272 0.138283422193
322 273 0.13325136716
323 274 0.140801172426
324 275 0.136878294565
325 276 0.126845001952
326 277 0.128079190652
327 278 0.132391375564
328 279 0.123510508825
329 280 0.127267730864
330 281 0.138022030815
331 282 0.144158986499
332 283 0.144963510785
333 284 0.14342355814
334 285 0.130538607882
335 286 0.128572102124
336 287 0.129797873527
337 288 0.118465612364
338 289 0.109367474838
339 290 0.103555223674
340 291 0.111387666407
341 292 0.115431652267
342 293 0.10798652231
343 294 0.107789984315
344 295 0.116217608074
345 296 0.118052971653
346 297 0.112176790681
347 298 0.115562007368
348 299 0.123200274579
349 300 0.121506277169
350 301 0.117641495242
351 302 0.123766654814
352 303 0.130456790817
353 304 0.125462080852
354 305 0.125097399063
355 306 0.13366242125
356 307 0.139785776142
357 308 0.137569498477
358 309 4.69869005616
359 309 4.69869005616
