1 0 0.0497202158757
2 1 0.0458162610518
3 2 0.0434011657021
4 3 0.0405576436208
5 4 0.0356258538815
6 5 0.042295198733
7 6 0.0425855241476
8 7 0.0352500814951
9 8 0.0371431392979
10 9 0.0421453717891
11 10 0.0451320831099
12 11 0.0411195375465
13 12 0.0459925448625
14 13 0.0427342919994
15 14 0.0470895276986
16 15 0.0447549984737
17 16 0.0512038753125
18 17 0.0527694666752
19 18 0.0594759432879
20 19 0.0707423623196
21 20 0.0660399900286
22 21 0.0703210114894
23 22 0.0654304218349
24 23 0.0671236649141
25 24 0.0765590578071
26 25 0.0798704973098
27 26 0.0911367519932
28 27 0.096170334322
29 28 0.108639582889
30 29 0.11609586656
31 30 0.109894465147
32 31 0.122987674568
33 32 0.130675254017
34 33 0.139903322329
35 34 0.144768029307
36 35 0.147953220525
37 36 0.152001553325
38 37 0.139941132015
39 38 0.126268375802
40 39 0.113071248605
41 40 0.100885185564
42 41 0.0940698321282
43 42 0.0813732952008
44 43 0.0780499570708
45 44 0.0679559659998
46 45 0.0708159964099
47 46 0.0825515803922
48 47 0.0903363877551
49 48 0.103616036437
50 49 0.113492563845
51 50 0.125257193882
52 51 0.138243807232
53 52 0.150907406507
54 53 0.164692131277
55 54 0.177236954092
56 55 0.188184471547
57 56 0.197702367046
58 57 0.214224688447
59 58 0.218648836283
60 59 0.222109666201
61 60 0.237985412254
62 61 0.249958441837
63 62 0.255460355006
64 63 0.238415601393
65 64 0.239425453496
66 65 0.240745260545
67 66 0.25017955395
68 67 0.24420435914
69 68 0.225166924653
70 69 0.210883950952
71 70 0.206486747463
72 71 0.188725395063
73 72 0.181384644245
74 73 0.164729084439
75 74 0.160188347295
76 75 0.144245874073
77 76 0.140957097232
78 77 0.129211512902
79 78 0.129112453007
80 79 0.132362706968
81 80 0.117965777284
82 81 0.106806536529
83 82 0.10086751423
84 83 0.0978075179402
85 84 0.112924624878
86 85 0.12589229358
87 86 0.136498610144
88 87 0.154382374498
89 88 0.162185083757
90 89 0.160049206277
91 90 0.153869025863
92 91 0.165598309798
93 92 0.178079490998
94 93 0.16578333415
95 94 0.169094388306
96 95 0.15077021488
97 96 0.151814070271
98 97 0.168707845399
99 98 0.162453232169
100 99 0.148045695616
101 100 0.159346864517
102 101 0.17237929076
103 102 0.160085094261
104 103 0.154063799186
105 104 0.171657158459
106 105 0.177826253123
107 106 0.164338599709
108 107 0.167939165478
109 108 0.186701761481
110 109 0.18800859484
111 110 0.176409125372
112 111 0.179141762976
113 112 0.195638956626
114 113 0.202974663486
115 114 0.220158400353
116 115 0.216263166312
117 116 0.211945698775
118 117 0.228216767002
119 118 0.232044228668
120 119 0.213695460296
121 120 0.200974128206
122 121 0.183051513597
123 122 0.174486900882
124 123 0.157706655476
125 124 0.149966375167
126 125 0.134782307318
127 126 0.126047434918
128 127 0.113663978328
129 128 0.106059170999
130 129 0.0943271428566
131 130 0.0912205731283
132 131 0.0781594551053
133 132 0.0807418256668
134 133 0.0892440505495
135 134 0.099783586857
136 135 0.112763337142
137 136 0.106347113791
138 137 0.101266277722
139 138 0.11674347556
140 139 0.123756109635
141 140 0.113856802514
142 141 0.115564470337
143 142 0.132423211999
144 143 0.133405529847
145 144 0.123253150181
146 145 0.1305871355
147 146 0.146199232492
148 147 0.142544763213
149 148 0.135186616935
150 149 0.149953581331
151 150 0.158278416946
152 151 0.168482387961
153 152 0.176734964529
154 153 0.172615519273
155 154 0.17686424661
156 155 0.159739107656
157 156 0.142036524831
158 157 0.137580237242
159 158 0.120720300555
160 159 0.113084682305
161 160 0.0999174278707
162 161 0.092641327128
163 162 0.085799909205
164 163 0.0763004350421
165 164 0.0738644439236
166 165 0.0592760626186
167 166 0.0612364245661
168 167 0.0675735021584
169 168 0.0629928675051
170 169 0.0726110165608
171 170 0.0661107345987
172 171 0.0740184907256
173 172 0.0739339026883
174 173 0.0688545017152
175 174 0.0660122143906
176 175 0.0723502362343
177 176 0.0618399975609
178 177 0.0600262648289
179 178 0.0746489057787
180 179 0.0750615065633
181 180 0.0632765173652
182 181 0.0701783525883
183 182 0.0856281341327
184 183 0.0899899861314
185 184 0.103760259442
186 185 0.1105224015
187 186 0.120063353676
188 187 0.131084338955
189 188 0.135850829022
190 189 0.14937440977
191 190 0.145754623392
192 191 0.14425194236
193 192 0.155439365706
194 193 0.152480760792
195 194 0.160431589316
196 195 0.150808676332
197 196 0.155859592039
198 197 0.145052304201
199 198 0.138382618948
200 199 0.129883595965
201 200 0.121695283745
202 201 0.12107186621
203 202 0.108425035767
204 203 0.105831615927
205 204 0.102834449419
206 205 0.105035661
207 206 0.122172465931
208 207 0.115929464807
209 208 0.10337646509
210 209 0.114905651254
211 210 0.124999353092
212 211 0.110519596262
213 212 0.101835888023
214 213 0.117356491339
215 214 0.117712559009
216 215 0.100535404968
217 216 0.103864838809
218 217 0.118836193232
219 218 0.111335720513
220 219 0.0974276689945
221 220 0.108388043304
222 221 0.116422640747
223 222 0.10170767581
224 223 0.0998081098083
225 224 0.114950029502
226 225 0.110910109966
227 226 0.09752384842
228 227 0.106393075798
229 228 0.117264739855
230 229 0.106898461289
231 230 0.100034247838
232 231 0.113496249804
233 232 0.118464206692
234 233 0.10568905127
235 234 0.107808980171
236 235 0.121324336187
237 236 0.11788965712
238 237 0.108385397472
239 238 0.117984121493
240 239 0.129169149058
241 240 0.121939411688
242 241 0.117711026363
243 242 6.5825529389
244 242 6.5825529389
245 242 6.5825529389
246 242 6.5825529389
247 242 6.5825529389
248 243 12.071074068
249 243 12.071074068
250 243 12.071074068
251 243 12.071074068
252 243 12.071074068
253 244 21.7808215235
254 244 21.7808215235
255 244 21.7808215235
256 244 21.7808215235
257 244 21.7808215235
258 245 26.1605744246
259 245 26.1605744246
260 245 26.1605744246
261 245 26.1605744246
262 245 26.1605744246
263 246 27.5751974838
264 246 27.5751974838
265 246 27.5751974838
