1 0 10.4451848697
2 0 10.4451848697
3 0 10.4451848697
4 0 10.4451848697
5 0 10.4451848697
6 1 8.37807776734
7 1 8.37807776734
8 1 8.37807776734
9 2 0.0594680237173
10 3 0.0520055575016
11 4 0.0585379894896
12 5 0.0574928668477
13 6 0.0632239542676
14 7 0.0714120516789
15 8 0.0695019639267
16 9 0.0630377017687
17 10 0.0546413826023
18 11 0.0505091890058
19 12 0.0528870712669
20 13 0.05077126883
21 14 0.0572929031781
22 15 0.0606603505095
23 16 0.0728714838818
24 17 0.0817326990628
25 18 0.0945031407531
26 19 0.0947016726964
27 20 0.110310155389
28 21 0.112438575754
29 22 0.128486122267
30 23 0.138147464202
31 24 0.128902125856
32 25 0.119514721676
33 26 0.105315216637
34 27 0.0949220238283
35 28 0.0797791584489
36 29 0.0698414286066
37 30 0.0578424788618
38 31 0.0531829828859
39 32 0.0466483498394
40 33 0.0476538055474
41 34 0.0427839755331
42 35 0.0473666654264
43 36 0.0594526678344
44 37 0.0650284048145
45 38 0.0604374961229
46 39 0.0748045385407
47 40 0.0867053071703
48 41 0.0869135240784
49 42 0.107372572486
50 43 0.121025960466
51 44 0.134931565394
52 45 0.123843549952
53 46 0.130972332672
54 47 0.117227127759
55 48 0.0989647599438
56 49 0.10446813521
57 50 0.109998286872
58 51 0.0916432091095
59 52 0.0823417932336
60 53 0.078111773292
61 54 0.0777156142052
62 55 0.0644839275277
63 56 0.067721835107
64 57 0.0755525762646
65 58 0.0862924080881
66 59 0.0805866604755
67 60 0.0814157547994
68 61 0.07140765549
69 62 0.0833155733002
70 63 0.0937174558314
71 64 0.0952941319678
72 65 0.106373333641
73 66 0.124445453068
74 67 0.140211933224
75 68 0.15151960508
76 69 0.142929297512
77 70 0.151467178247
78 71 0.169543926993
79 72 0.177465648694
80 73 0.195302537327
81 74 0.198727766778
82 75 0.194146802706
83 76 0.176648532367
84 77 0.179611071181
85 78 0.163575102703
86 79 0.148690406907
87 80 0.130005376442
88 81 0.123457596125
89 82 0.109162089644
90 83 0.102825962395
91 84 0.102921456719
92 85 0.0937270457313
93 86 0.109153764277
94 87 0.112668187436
95 88 0.0945282678206
96 89 0.0957055650487
97 90 0.111481968472
98 91 0.110427923313
99 92 0.0925188331124
100 93 0.0979900445141
101 94 0.111622789691
102 95 0.100110393358
103 96 0.0912819298304
104 97 0.106399531292
105 98 0.108776937774
106 99 0.127420162157
107 100 0.127812078584
108 101 0.119211567626
109 102 0.116425607173
110 103 0.113502752092
111 104 0.104177329522
112 105 0.0913774876985
113 106 0.0755366217183
114 107 0.0685567627822
115 108 0.0515255439723
116 109 0.0629438444826
117 110 0.0717693137615
118 111 0.0574718131344
119 112 0.0586965808088
120 113 0.0733522110092
121 114 0.0718616043643
122 115 0.0610266330955
123 116 0.0715888482875
124 117 0.0841150775667
125 118 0.0764628674638
126 119 0.0611398474389
127 120 0.0604053471485
128 121 0.0675684297746
129 122 0.0564729647191
130 123 0.0459281606946
131 124 0.0553018043263
132 125 0.059594389435
133 126 0.0426260509571
134 127 0.0444906581127
135 128 0.0641100854668
136 129 0.0579109000102
137 130 0.0469254264376
138 131 0.0579214200731
139 132 0.0750771994413
140 133 0.0891888431577
141 134 0.108702468641
142 135 0.109441494527
143 136 0.0990160913254
144 137 0.092890427334
145 138 0.08057711808
146 139 0.0692214843471
147 140 0.0556897016583
148 141 0.0605416216833
149 142 0.0459724828941
150 143 0.0562311806541
151 144 0.0476341388063
152 145 0.0397875388836
153 146 0.0498437948852
154 147 0.0522348970624
155 148 0.0689870606481
156 149 0.0702877187477
157 150 0.0586687876286
158 151 0.0703791642827
159 152 0.0727556384
160 153 0.0872763557336
161 154 0.0978556639536
162 155 0.108066651694
163 156 0.121197165025
164 157 0.11517002801
165 158 0.115082625106
166 159 0.0999256091778
167 160 0.107211439188
168 161 0.11280023317
169 162 0.0960956864971
170 163 0.0891351265359
171 164 0.104525683372
172 165 0.102876195298
173 166 0.0849675803858
174 167 0.0926104264592
175 168 0.109780110097
176 169 0.098404438742
177 170 0.0915904314595
178 171 0.113190043436
179 172 0.12013595657
180 173 0.105894772874
181 174 0.111989083762
182 175 0.134619776274
183 176 0.133901665689
184 177 0.121906034746
185 178 0.135655024143
186 179 0.154335954131
187 180 0.160707242386
188 181 0.157897522266
189 182 0.168405384741
190 183 0.153416077877
191 184 0.154112189742
192 185 0.140509160275
193 186 0.141776833851
194 187 0.130560258736
195 188 0.130454282109
196 189 0.130118613162
197 190 0.140680799588
198 191 0.138815048777
199 192 0.155356959244
200 193 0.145282235255
201 194 0.137672921384
202 195 0.155362746922
203 196 0.164977696847
204 197 0.152042928383
205 198 0.156998138976
206 199 0.176397094381
207 200 0.178088210778
208 201 0.169721921193
209 202 0.160927369463
210 203 0.146608608709
211 204 0.148616968965
212 205 0.161794680937
213 206 0.150923738113
214 207 0.15850754384
215 208 0.152365130359
216 209 0.156402453837
217 210 0.152181118698
218 211 0.143523253778
219 212 0.159483332323
220 213 0.169911838433
221 214 0.158138956989
222 215 0.157237117955
223 216 0.176648821705
224 217 0.17708020233
225 218 0.167425341857
226 219 0.175953049788
227 220 0.165045594422
228 221 0.168433947097
229 222 0.173318573035
230 223 0.156123808032
231 224 0.145359521272
232 225 0.157073343659
233 226 0.150379005592
234 227 0.133272214611
235 228 0.140167999204
236 229 0.135550692951
237 230 0.151544304602
238 231 3.72820358229
239 231 3.72820358229
240 231 3.72820358229
241 231 3.72820358229
242 231 3.72820358229
243 232 4.36482698536
244 232 4.36482698536
245 232 4.36482698536
246 232 4.36482698536
247 232 4.36482698536
248 233 4.5495582891
249 234 0.221427853324
250 235 0.207638223015
251 236 0.212358016153
252 237 0.226225011017
253 238 0.219634405911
254 239 0.20654522229
255 240 0.191643336706
256 241 0.19211728161
257 242 0.179047699066
258 243 0.163643279036
259 244 0.164531394062
260 245 0.153520417065
261 246 0.137387593118
262 247 0.145392931099
263 248 0.161216659543
264 249 0.153016401072
265 250 0.142987264178
266 251 0.159661348914
267 252 0.16794196794
268 253 0.155885436069
269 254 0.159161184547
270 255 0.178258308433
271 256 0.179416183407
272 257 0.185116992663
273 258 0.169851160776
274 259 0.158061724833
275 260 0.140147076127
276 261 0.132072467653
277 262 0.12286872773
278 263 0.134376805606
279 264 0.133666326289
280 265 0.141028866054
281 266 0.141042445809
282 267 0.140968661398
283 268 0.15516266235
284 269 0.166585501053
285 270 0.16442090808
286 271 0.180554629727
287 272 0.17497914257
288 273 0.160807159077
289 274 0.157910078419
290 275 0.149985850913
291 276 0.14469117837
292 277 0.153403562794
293 278 0.15371193858
294 279 0.17223954894
295 280 0.178018861091
296 281 0.17829920729
297 282 0.176177168112
298 283 0.165477736131
299 284 0.176141348206
300 285 0.179974421974
301 286 0.180184035181
302 287 0.193567009296
303 288 0.197350960834
304 289 0.189090778094
305 290 0.194021089603
306 291 0.187633493592
307 292 0.170062897924
308 293 0.169828815162
309 294 0.157648017559
310 295 0.143953111419
311 296 0.129930564557
312 297 0.122479599872
313 298 0.110007379779
314 299 0.115251658378
315 300 0.117460408602
316 301 0.135262187262
317 302 0.147701795541
318 303 0.165361868018
319 304 0.18322797302
320 305 0.197200895426
321 306 0.211797800889
322 307 0.23058452217
323 308 0.237736504891
324 309 0.248880806301
325 310 0.233096569958
326 311 0.225004379323
327 312 0.221334609939
328 313 0.229786629827
329 314 0.218627825844
330 315 4.16735681468
331 315 4.16735681468
332 315 4.16735681468
333 315 4.16735681468
334 315 4.16735681468
335 316 11.1721877812
336 316 11.1721877812
337 316 11.1721877812
338 316 11.1721877812
339 316 11.1721877812
340 317 13.582140644
341 317 13.582140644
342 317 13.582140644
343 317 13.582140644
344 317 13.582140644
345 318 10.8226920336
346 318 10.8226920336
347 318 10.8226920336
348 318 10.8226920336
349 318 10.8226920336
350 319 6.82287977293
351 319 6.82287977293
352 319 6.82287977293
353 319 6.82287977293
354 319 6.82287977293
355 320 6.23999690744
356 320 6.23999690744
357 320 6.23999690744
358 320 6.23999690744
359 320 6.23999690744
360 321 2.54870068235
361 321 2.54870068235
362 321 2.54870068235
363 321 2.54870068235
364 322 0.238648587117
365 323 0.233780902564
366 324 0.227404978477
367 325 0.212384211128
368 326 0.225703411516
369 327 0.233532305854
370 328 0.215822252259
371 329 0.212128730127
372 330 0.229641155545
373 331 0.224658973331
374 332 0.20822509049
375 333 0.219568882301
376 334 0.230729523281
377 335 0.214251520397
378 336 0.208816378657
379 337 0.226674586579
380 338 0.225555999231
381 339 0.208105051379
382 340 0.216423140285
383 341 0.23126061584
384 342 0.219363696924
385 343 0.234007830288
386 344 0.228823028749
387 345 0.210948770551
388 346 0.207452397618
389 347 0.19953836221
390 348 0.190138855675
391 349 0.183023795273
392 350 0.165649311293
393 351 0.166369650445
394 352 0.147692000494
395 353 0.131569169136
396 354 0.117554211655
397 355 0.103251418971
398 356 0.105930750981
399 357 0.0968228922059
400 358 0.0990589684459
401 359 0.0877954289527
402 360 0.0903274705388
403 361 0.0983475852406
404 362 0.101455467559
405 363 0.11829164498
406 364 0.133492876495
407 365 0.152021120506
408 366 0.164595301845
409 367 0.178485381232
410 368 0.191603781973
411 369 0.191668205789
412 370 0.193147780301
413 371 0.211199345818
414 372 0.212789955629
415 373 0.2307764284
416 374 0.223285693075
417 375 0.220397453845
418 376 0.214277590572
419 377 0.197861822666
420 378 0.196741861301
421 379 0.186369079929
422 380 0.17678640854
423 381 0.16476108867
424 382 0.146514942598
425 383 0.13949325859
426 384 0.121924754804
427 385 0.109201687274
428 386 0.10895353037
429 387 0.123228436232
430 388 0.126257141329
431 389 0.128966088273
432 390 0.145058103451
433 391 0.148361232489
434 392 0.147552732238
435 393 0.160963850168
436 394 0.157958111354
437 395 0.168449330431
438 396 0.171136652078
439 397 0.18459432027
440 398 0.175604288846
441 399 0.176122509781
442 400 0.181893684536
443 401 0.16782649528
444 402 0.153588084818
445 403 0.161560585788
446 404 0.148763019552
447 405 0.132742388479
448 406 0.116487837276
449 407 0.118309031595
450 408 0.107118405799
451 409 0.115335270938
452 410 0.110361444133
453 411 0.120876853561
454 412 0.126206188296
455 413 0.137481125529
456 414 0.152061476904
457 415 0.166722533236
458 416 0.179697776866
459 417 0.193085800358
460 418 0.184868330148
461 419 0.185578073721
462 420 0.168708303421
463 421 0.152385424323
464 422 0.150272641304
465 423 0.136520880929
466 424 0.134972005809
467 425 0.131104899883
468 426 0.115437808908
469 427 0.112644712675
470 428 0.119874175074
471 429 0.105610973714
472 430 0.117483887714
473 431 0.12570463481
474 432 0.118809845935
475 433 0.107680773741
476 434 0.103187154108
477 435 0.0862118986123
478 436 0.0893315110968
479 437 0.0955726154309
480 438 0.0863014922725
481 439 0.0698332580194
482 440 0.0735641906063
483 441 0.0811768988564
484 442 0.0690193327948
485 443 0.0573993979589
486 444 0.0646986240241
487 445 0.0728241681765
488 446 0.059906179692
489 447 0.0540519134366
490 448 0.0456318963407
491 449 0.0449965969809
492 450 0.0487207955137
493 451 0.0560860018433
494 452 0.0562500554382
495 453 0.0480391239234
496 454 0.0533814621152
497 455 0.0644164384077
498 456 0.0524884406334
499 457 0.0464681724471
500 458 0.0621776351954
501 459 0.0704980680991
502 460 0.0646243389976
503 461 0.0737628202906
504 462 0.0920593780581
505 463 0.105829041128
506 464 0.116242945795
507 465 0.103642945148
508 466 0.104824958773
509 467 0.122254059556
510 468 0.115503482261
511 469 0.125078700648
512 470 0.128313302826
513 471 0.146921380039
514 472 0.161323571332
515 473 0.171080748642
516 474 0.161949053456
517 475 0.177146757041
518 476 0.178070050353
519 477 0.180245492087
520 478 0.166978674906
521 479 0.153146299789
522 480 0.156216730848
523 481 0.154502842683
524 482 0.136293144907
525 483 0.131370158221
526 484 0.142170547065
527 485 0.133744300318
528 486 0.140332701278
529 487 0.156936443173
530 488 0.147038804628
531 489 0.138288707675
532 490 0.146073832475
533 491 0.149397930304
534 492 0.140761791944
535 493 0.141458652754
536 494 0.153634045754
537 495 0.139540800282
538 496 0.127218403409
539 497 0.109616128243
540 498 0.0934540732705
541 499 0.075065269225
542 500 0.0615309402149
543 501 0.0470663744583
544 502 0.0373898746664
545 503 0.0464763307189
546 504 0.0484584933569
547 505 0.0454248829746
548 506 0.0561878784466
549 507 0.048741128705
550 508 0.0562011777776
551 509 0.0571233008767
552 510 0.0686694608443
553 511 0.0834055091901
554 512 0.0947959442874
555 513 0.112566614567
556 514 0.125997708154
557 515 0.145327413434
558 516 0.159003123539
559 517 0.174511708222
560 518 0.193035555831
561 519 0.19661789863
562 520 0.183126962344
563 521 0.169835109549
564 522 0.151829463491
565 523 0.145698705127
566 524 0.126480474148
567 525 0.117530103496
568 526 0.0993056637478
569 527 0.0948048252523
570 528 0.0796786983963
571 529 0.0742101628899
572 530 0.0814379228301
573 531 0.065780350348
574 532 0.0716344069623
575 533 0.0849184440022
576 534 0.0734120799024
577 535 0.0581050970092
578 536 0.062179428764
579 537 0.0543559874443
580 538 0.0463376489215
581 539 0.0449835245807
582 540 0.0351333631086
583 541 0.0386411806184
584 542 0.0371743937116
585 543 0.0299784531799
586 544 0.0266503570442
587 545 0.0286629331367
588 546 0.0292154194203
589 547 0.0260400965811
590 548 0.0264407101279
591 549 0.028210353826
592 550 0.0279745646355
593 551 0.0281856160893
594 552 0.0323840034653
595 553 0.0320429882133
596 554 0.0388490324816
597 555 0.0425033189483
598 556 0.0531354303212
599 557 0.0481558904719
600 558 0.0370922466362
601 559 0.0357039399608
602 560 0.0312008787911
603 561 0.0276550377045
604 562 0.0360340424695
605 563 0.0484036811119
606 564 0.0575392558966
607 565 0.0717200855141
608 566 0.0635953626104
609 567 0.0523500305955
610 568 0.0606236051399
611 569 0.0779426535207
612 570 0.0836807855383
613 571 0.073338951839
614 572 0.0693641351009
615 573 0.0811805328825
616 574 0.086546767656
617 575 0.100061314954
618 576 0.119273152202
619 577 0.11836304031
620 578 0.122337663394
621 579 0.106023400192
622 580 0.104160684956
623 581 0.0975269706077
624 582 0.0989209826042
625 583 0.109755056329
626 584 0.115374844987
627 585 0.130621582063
628 586 0.138411910655
629 587 0.154978524768
630 588 0.153121242641
631 589 0.161940633845
632 590 0.153899474351
633 591 0.151126078072
634 592 0.139477973441
635 593 0.152561484369
636 594 0.151422359443
637 595 0.168778353946
638 596 0.162224446333
639 597 0.145762884264
640 598 0.142975388299
641 599 0.127500450796
642 600 0.127877607354
643 601 0.117850275058
644 602 0.124129635724
645 603 0.124095391049
646 604 0.120443804312
647 605 0.119676900019
648 606 0.106246186857
649 607 0.114152613344
650 608 0.0980917807828
651 609 0.0797427286164
652 610 0.0708402691904
653 611 0.0542325610274
654 612 0.0458071674715
655 613 0.0456481786071
656 614 0.0615280472953
657 615 0.067351938499
658 616 0.0609635900604
659 617 0.06563151654
660 618 0.0827579295974
661 619 0.0848402877866
662 620 0.0778683777617
663 621 0.0851837935926
664 622 0.102126917606
665 623 0.110961980369
666 624 0.115369198313
667 625 0.12726275525
668 626 0.134335769892
669 627 0.138812147612
670 628 0.121246265061
671 629 0.110516582914
672 630 0.123450422684
673 631 0.120062637775
674 632 0.100842124078
675 633 0.104006190566
676 634 0.117784793197
677 635 0.104333720055
678 636 0.094105555379
679 637 0.11047791991
680 638 0.116220965533
681 639 0.0992035188654
682 640 0.103774546974
683 641 0.121363328515
684 642 0.115094176245
685 643 0.10387585373
686 644 0.118431199313
687 645 0.130906664499
688 646 0.118768744055
689 647 0.117417484811
690 648 0.136073994836
691 649 0.138231799974
692 650 0.130125743089
693 651 0.111457720222
694 652 0.10162140786
695 653 0.0887760475351
696 654 0.0804746833096
697 655 0.0654969221379
698 656 0.054710199628
699 657 0.0406671010102
700 658 0.0387959393482
701 659 0.0370932218937
702 660 0.0359868444386
703 661 0.0461576123904
704 662 0.0498091215971
705 663 0.0627009555494
706 664 0.0753602578094
707 665 0.0794406105906
708 666 0.0954065995468
709 667 0.101544750644
710 668 0.0962615625207
711 669 0.0906569467955
712 670 0.074721768953
713 671 0.0759066812216
714 672 0.0605986097261
715 673 0.0502064623397
716 674 0.0393514136445
717 675 0.0325545889182
718 676 0.0308955471534
719 677 0.0303592436086
720 678 0.0376443964441
721 679 0.0427380244597
722 680 0.0597092847756
723 681 0.0593673651501
724 682 0.0514848508343
725 683 0.0671232355845
726 684 0.0753437943289
727 685 0.0676651568115
728 686 0.0673454610425
729 687 0.0853027714535
730 688 0.0893832596509
731 689 0.0766661354838
732 690 0.0853648889371
733 691 0.101626620249
734 692 0.0960760787399
735 693 0.0885563592008
736 694 0.105414575646
737 695 0.116787956094
738 696 0.105705439556
739 697 0.105207940988
740 698 0.124693787054
741 699 0.125849012931
742 700 0.112461146882
743 701 0.120470480215
744 702 0.137947849785
745 703 0.131033292208
746 704 0.119195177044
747 705 0.127720556362
748 706 0.117451009197
749 707 0.0987787200421
750 708 0.0974362831381
751 709 0.0806901427269
752 710 0.0868967619544
753 711 0.0828496486124
754 712 0.0961699028594
755 713 0.0988352258664
756 714 0.11380688017
757 715 0.125742125396
758 716 0.125574934278
759 717 0.141854720592
760 718 0.15408541784
761 719 0.153607683055
762 720 0.135266681845
763 721 0.138732204948
764 722 0.156433533803
765 723 0.149625428603
766 724 0.135967349087
767 725 0.148942487865
768 726 0.160485887102
769 727 0.148151609822
770 728 0.142896811214
771 729 0.161058520607
772 730 0.165912838548
773 731 0.151129473866
774 732 0.141196456649
775 733 0.156786675432
776 734 0.148642751225
777 735 0.149904733938
778 736 0.142095727533
779 737 0.154343983037
780 738 0.148617408007
781 739 0.16208524931
782 740 0.149658806547
783 741 0.131169479454
784 742 0.136045908724
785 743 0.145315824042
786 744 0.131158974699
787 745 0.119033743831
788 746 0.129891625351
789 747 0.133533087567
790 748 0.115758604041
791 749 0.110364035718
792 750 0.121177960357
793 751 0.116676105706
794 752 0.104250275656
795 753 0.103442158452
796 754 0.0965016882644
797 755 0.0917397397762
798 756 0.0816780201046
799 757 0.0724237627183
800 758 0.0696732879476
801 759 0.087883773862
802 760 0.0882431027604
803 761 0.0736735281008
804 762 0.0829859003666
805 763 0.0972444811828
806 764 0.0872642436488
807 765 0.0773916976014
808 766 0.0940836274489
809 767 0.102091276666
810 768 0.0877460349263
811 769 0.0927735112536
812 770 0.108409315007
813 771 0.101589130603
814 772 0.102056373102
815 773 0.0855155464193
816 774 0.0809326341307
817 775 0.076215486669
818 776 0.0715674681853
819 777 0.0833802542096
820 778 0.0916310789585
821 779 0.109996361513
822 780 0.116052343165
823 781 0.111971656625
824 782 0.124765990781
825 783 0.141058992394
826 784 0.142563270146
827 785 0.147369549669
828 786 0.131755805572
829 787 0.120003802497
830 788 0.12322083149
831 789 0.1081947799
832 790 0.114176409426
833 791 0.0994394765693
834 792 0.101177453463
835 793 0.120021069699
836 794 0.120513301749
837 795 0.13049620271
838 796 0.116077232581
839 797 0.0975970180942
840 798 0.0816780526899
841 799 0.065732411546
842 800 0.0691576555482
843 801 0.064643006984
844 802 0.0490039432502
845 803 0.0488862669299
846 804 0.0413292528924
847 805 0.0312140178007
848 806 0.0347492734614
849 807 0.0371639515473
850 808 0.0493678404193
851 809 0.0564092318037
852 810 0.0553125941911
853 811 0.0627400225854
854 812 0.0757510156767
855 813 0.0792213744041
856 814 0.0820925180929
857 815 0.0929513471801
858 816 0.103196557978
859 817 0.106671486062
860 818 0.113038021807
861 819 0.123273401633
862 820 0.13331475941
863 821 0.135543461405
864 822 0.126549853205
865 823 0.11490666473
866 824 0.11104720281
867 825 0.0961905134441
868 826 0.081418464163
869 827 0.0810691620814
870 828 0.0662269481717
871 829 0.0754040152432
872 830 0.0908032747529
873 831 0.0840708340169
874 832 0.0905405871012
875 833 0.0787602436699
876 834 0.0634685487061
877 835 0.0695876944775
878 836 0.073387536094
879 837 0.0574344608998
880 838 0.0497306679485
881 839 0.0602887771058
882 840 0.0616382608206
883 841 0.0453703457446
884 842 0.0413952082297
885 843 0.0542083337519
886 844 0.0523611633947
887 845 0.0384262672151
888 846 0.041035584596
889 847 0.0520582924594
890 848 0.0477924236795
891 849 0.0375511270603
892 850 0.042293481108
893 851 0.0536189643027
894 852 0.0491034360688
895 853 0.0405093595337
896 854 0.0491248096296
897 855 0.0599285061869
898 856 0.0532879646356
899 857 0.0505070414719
900 858 0.0658797368812
901 859 0.0733899065473
902 860 0.0668176979399
903 861 0.0664985557656
904 862 0.0834846366702
905 863 0.0878020077055
906 864 0.0807726677912
907 865 0.0911361643161
908 866 0.10565243341
909 867 0.116502083293
910 868 0.106504111302
911 869 0.108260778693
912 870 0.0953858022699
913 871 0.0948501892662
914 872 0.0811652544154
915 873 0.0788668623755
916 874 0.0895087656512
917 875 0.0965130841527
918 876 0.113560124947
919 877 0.112367067779
920 878 0.128434337641
921 879 0.145679285775
922 880 0.159879456171
923 881 0.177079196598
924 882 0.171310056098
925 883 0.1564791414
926 884 0.139236150516
927 885 0.121196678029
928 886 0.106864625183
929 887 0.0884018740434
930 888 0.0764514129855
931 889 0.0605687479662
932 890 0.0546539332801
933 891 0.0594419680534
934 892 0.05932504882
935 893 0.0750731559734
936 894 0.090387745426
937 895 0.106584521639
938 896 0.125030638604
939 897 0.137966688738
940 898 0.155805508558
941 899 0.170578269973
942 900 0.179539220827
943 901 0.164317312046
944 902 0.158923235325
945 903 0.174126846774
946 904 0.192569094414
947 905 0.208478593788
948 906 0.201757019134
949 907 0.218482369697
950 908 0.214540435729
951 909 0.197308675895
952 910 0.197954740071
953 911 0.186787738333
954 912 0.188928135609
955 913 0.182546196485
956 914 0.187507511382
957 915 0.174606151827
958 916 0.162364846153
959 917 0.16545858087
960 918 0.167914928576
961 919 0.177337103638
962 920 0.180091513094
963 921 0.182427755366
964 922 0.168726338533
965 923 0.175835268391
966 924 0.170195186883
967 925 0.175614975582
968 926 0.190212541985
969 927 0.182058662288
970 928 0.183921669313
971 929 0.165811169764
972 930 0.163637028564
973 931 0.148089041055
974 932 0.144987776697
975 933 0.132127462449
976 934 0.11459771384
977 935 0.114079590021
978 936 0.0985547430241
979 937 0.105904292649
980 938 0.102325216412
981 939 0.106010186924
982 940 0.110272780222
983 941 0.103166179207
984 942 0.113746353648
985 943 0.11291527962
986 944 0.127534549908
987 945 0.127897063459
988 946 0.139220154382
989 947 0.153583726154
990 948 0.15161868233
991 949 0.132774594242
992 950 0.127077948136
993 951 0.112023945027
994 952 0.106730467003
995 953 0.109381837944
996 954 0.106387512932
997 955 0.122599743791
998 956 0.118627220073
999 957 0.129929791972
1000 958 0.126302878673
1001 959 0.128452293062
