15.3447985311
83.834527125
19.488235185
43.786784734
56.9126894859
21.6031908186
20.8385916519
21.7405044436
27.6251900326
28.3473368777
17.2483791766
19.3794804886
27.4595011567
22.7145504846
12.739672736
24.4143353057
26.9549643518
20.5233199585
23.776628082
80.8046705611
16.2858535879
38.8244026041
57.4217926832
15.1945347763
24.390189986
21.5711233483
20.2611222033
27.1817676391
18.8430572002
23.212266099
24.6611834027
49.344216743
18.6756621061
30.4183356424
19.9569899272
20.0879006984
21.5118746269
62.9752872366
21.7838934012
31.8719802729
61.1030391359
20.406303603
25.033827044
29.369727379
26.430613899
23.9026998416
21.2473980381
31.7343100634
30.2160874026
27.9446588867
19.8900420033
22.2949894272
21.5202221313
25.0494857727
20.8714320729
68.0641688809
20.1826377332
51.1868497986
50.5133198878
24.0235623198
26.072809973
26.1958302152
28.6133624956
21.3882350499
14.9523130139
31.9016854164
21.8823552515
22.6686491793
9.04345834732
30.1884506361
21.2499817687
20.9451812176
17.965295912
82.820482585
24.6433687491
50.7077422459
54.6851904432
23.9813126175
23.0052000295
24.7383650347
16.7889821169
19.6671531433
10.2535871837
24.7278475377
25.0046501134
37.8067916287
17.7835484459
46.5958387586
24.3290258417
13.7335177562
21.4751780633
94.1085673511
24.1107444192
46.3086464703
45.8544652461
17.5077640051
29.832224153
34.7103202065
20.5891830105
23.0439903974
19.1179684183
26.9694829871
20.4068088408
25.6591040682
16.4310834756
42.9261295094
21.6028450553
13.3610830557
19.4575228283
104.45640925
23.5370440801
41.6058910303
42.3087815377
12.6012223143
20.2377906555
16.6659635216
23.64350303
20.9323286037
16.6619307082
23.8141832961
15.5001187482
27.3495844564
17.7577226385
45.4450526101
21.9515665706
12.9073959193
20.8587725531
96.6330863823
23.0599393922
52.1742404651
47.3514580001
13.1619582862
26.4967027463
13.9325793517
31.3865263315
18.7750020772
10.7121493992
21.8555305254
15.0565486863
20.8137016519
11.6023473563
30.8400031941
23.8137562779
23.9015001541
20.7941270538
87.6963451062
21.0087709662
43.3460316125
49.5982137482
21.9862147221
17.457740398
18.4232047874
33.0645370907
28.6871361411
19.8188261477
36.4023556234
22.557825209
26.0036292685
15.4467553811
23.9316022325
16.3464294468
22.3394056302
19.3281067997
76.4037309034
17.3093373798
37.7976303186
43.5942187983
26.2654824377
18.5255391412
22.2120651613
24.9978081735
34.5226322734
26.1151171065
24.7507420919
10.3114142786
23.2511713092
13.9425124611
23.4033730191
20.8258269445
17.2236665102
23.5185534264
86.1733417514
24.7561804088
29.2677961546
52.2938836166
29.4724264795
56.2522146015
59.1284498561
30.9458984762
22.2371542372
22.1218484993
30.1210042353
25.090907079
28.0662779395
22.8890017213
21.1560204862
21.6763767395
18.6481800712
15.6241810733
69.0996392704
29.5363455996
54.9987805889
32.251440451
22.3695460685
20.4984369974
24.6459117428
23.2106106168
19.676523887
11.3085599374
17.9668593222
19.8855936253
24.5174521993
20.6369095152
49.1698151015
13.2424165074
17.1760855632
14.7427923359
27.5611567243
39.117568233
50.2238656593
46.2350756452
13.8873816242
24.8200868759
17.5636812031
33.1217211451
21.9820241413
12.9915767033
25.9603358954
22.9969094625
29.5657992001
32.656680684
54.0092982435
22.4113579833
22.2795974875
18.5880756301
69.2489449937
21.4983661304
38.1241087262
22.8653597594
17.3762177517
21.4185016859
20.180900966
34.384574596
23.4138817702
14.4180617304
33.1466002726
27.0654118564
40.3613669599
15.4657491968
25.0014986288
19.0295137597
21.7364347555
15.5750387713
98.9957362251
18.3594177587
48.1790002472
43.1521941673
25.6428160465
24.8313931147
20.5494468076
31.7778193068
27.4923932862
18.8998856707
23.5568722293
10.6231811433
24.9761625942
10.6596245568
31.0141683551
13.8387762257
19.2874859675
17.4872477789
84.4495145805
19.6960565347
43.7465048163
44.1263084453
20.5606710432
16.1908250906
18.6811518973
31.1689675994
25.1433687977
18.0116765608
25.3057920579
20.2290825709
19.5623837551
13.4912277293
21.5753694481
13.6824504982
19.4964875501
16.8906004886
85.3168868098
20.6032953943
43.3235358376
39.2054799119
21.2978136166
12.5954983374
19.4301771614
32.3671084132
24.1690408499
17.6650817462
24.1490098893
17.5334281444
19.3490899982
14.8868111612
20.8652176145
21.208651468
24.8197520028
17.0055330011
65.6941164857
23.6882051635
27.8922672011
39.7393037786
13.2466643941
25.0387924629
23.9192035729
19.4351423743
53.6352245956
43.9377826025
27.4565397382
17.9445571532
39.8949000224
24.4104573988
40.8617785079
22.2525989331
21.1512987043
26.9992033301
78.2799663245
20.1829791789
41.7502293684
53.4369639296
17.0048300632
28.3261533439
24.3661013426
19.411356754
31.3090868736
24.8041921398
18.0372919523
20.2542540551
56.1087446459
23.0636638051
36.9238325341
16.0059045866
16.4448469468
20.7242975132
98.0820008882
29.9859215849
44.6609589838
55.8875285954
24.4988384545
19.4288764541
20.2590345182
24.4534099096
24.1453533683
18.1082624217
20.0358701861
26.3242080695
21.0207328232
23.5743854211
48.7933666549
18.4857700728
16.8028097481
20.650215173
70.3845883416
22.805282189
47.3663010449
42.0964805526
15.0333379158
24.17728136
15.5212028713
34.6352948149
35.1570863841
24.4866560353
19.0460310827
18.1991480447
32.2474752888
15.0491659579
24.3304413372
14.334689931
11.1713958782
19.8309492481
67.3146816854
19.7529202971
45.1010223584
42.9726843784
21.4972769206
25.8322417494
21.5301853527
17.0879592164
67.7413111579
57.1248352917
22.6101850408
10.1025159751
24.3347180704
13.4911342987
39.2493299155
16.9777182917
17.4302811815
21.2558151316
69.3269715497
17.6815482019
36.6675521355
54.9761528832
8.09637464165
19.8670395372
16.4161147627
22.7188565642
16.8118597567
14.9869696595
23.0601307496
25.8760576666
23.6831249841
13.9487586541
25.755748833
14.7094329817
22.0963590173
19.9794392835
61.6557676575
24.0678616024
29.79992795
43.4495332812
12.9941452914
19.4638289104
15.3609402085
16.9207145446
63.1251218733
58.6513569488
30.2125147497
11.6565243933
31.7389358235
21.8093069265
38.9254563385
14.4977509909
17.2589838213
18.1945998562
81.0991035197
18.2048864233
38.8666042535
46.1883533477
28.3104062912
26.8706615292
26.2679353246
26.0734865671
37.4910309823
26.8869235996
27.8950594675
13.8093128359
20.1897056325
14.8072992725
22.3671200668
24.5645032188
24.4276503278
17.3484010484
87.8245921883
29.5711177083
51.0075826994
53.9709427048
16.2899938507
19.5317985617
21.5700719244
25.608270384
16.7679742658
14.5488037341
19.961120129
20.9849343382
31.3615715174
21.2047271765
48.6618555952
13.7023837099
13.198191627
24.9435560848
83.3257307558
24.1273254022
37.994376202
43.1712797457
22.6471510585
17.5042744062
18.8822545663
20.7770841715
58.4297525397
48.6842838809
20.145706708
15.8155322886
26.9606620414
17.934188179
45.1291635754
15.585456225
19.120788541
27.1165815327
66.4540070343
21.9000339952
40.1322540425
37.6725230878
13.7439342323
25.1618421601
25.2596379575
20.8138373213
26.3584402265
16.7146332028
16.4157216901
23.313211335
27.1066908964
14.7769614078
34.6345202377
20.6750380237
14.4661014665
15.9253819479
63.3692923517
15.0522616341
39.5439450847
54.0669958834
20.1876338911
25.1119377722
25.6025145865
27.1424559464
41.526722288
39.0613633694
23.9560510208
23.0223045655
43.0549944739
10.1271512661
23.4957490685
16.2851781058
12.583554377
23.6819863377
60.9705982379
18.6929612507
52.0636873912
38.4891086143
12.2623078899
18.9005592788
19.2239756405
27.8116484058
24.654538792
18.1744805727
30.6483277286
17.1564002024
41.8566656555
8.26408222935
24.1774421143
17.2366629244
18.3086973507
25.1473714653
74.9863079592
14.397781941
40.1003050488
46.839784973
20.063332985
21.6249501939
25.5813846693
19.9379205906
33.2772176816
24.7405031583
37.9462370053
21.8296538121
26.4640690065
11.1416173716
33.7788242631
19.4990216384
20.020527515
26.4753452698
104.285380076
32.0326630788
45.3470117138
56.4384340547
10.9346522093
16.0997619042
16.719612381
40.9412847923
27.6326161558
19.244334336
13.9955704115
23.4756440208
27.5495687899
23.7364710432
22.097579516
20.1260770499
16.9402829104
15.5361253796
70.6967048936
12.038986609
43.9011367153
46.4011666886
19.3039022811
21.454369484
18.9327210542
22.3020032325
57.4834627324
48.0745848084
30.9493400165
22.3768009981
23.6235144801
4.91474188333
24.4665440818
14.1778377872
15.6798573929
21.2516274256
77.2902286867
23.5603152208
51.310314133
46.3054566785
19.755063554
23.6529073791
24.5085846209
18.3590710209
18.2235456
11.7402598314
20.4490186947
20.3257507117
28.5476210681
15.6294457308
44.0300545962
15.9094672798
25.7315409342
20.0756724591
94.2686618129
19.7670398848
33.2046014692
28.7757138733
18.4128590781
21.7484004388
24.09762718
30.3580814055
23.136680436
19.2966886922
23.2069100634
14.718564458
33.5751620074
17.0985208551
18.9145051348
9.43731668505
19.3386015599
21.6829909815
94.8086754432
21.4434530061
33.8408202049
35.1439271756
11.5003812886
14.7238489063
16.0250034436
34.3799342562
23.5387802404
15.795666636
21.8130240266
12.9721132018
29.6426306483
17.9122713796
16.7816759522
14.5006482823
20.0930737718
19.9469868452
78.1643648388
17.0178119157
38.1634488216
59.7641591208
28.238835947
28.2776164803
28.079090227
22.3775429957
53.4039450075
42.6205953288
27.098054634
28.9208857717
25.0633594453
12.7359860292
24.8851033822
20.1335069585
14.874235791
21.5816484964
45.6503546378
26.1558863715
29.8473396519
50.7205625415
19.0584162789
22.2301216273
25.8271203867
20.4809160217
34.5392344007
25.6292801218
19.2388317354
21.8609916967
23.7750914208
24.046490303
48.571815212
13.1155803389
15.222288572
21.5154774561
82.0066259516
22.1646785209
41.1389727507
53.5632954503
14.9824165261
24.2830996696
18.5263725745
30.3424643653
26.8356485158
16.4875449183
17.1593816796
21.2082660647
27.9148181854
15.0484320198
21.1499723411
27.2758670213
23.873279567
20.9684649437
67.9934419222
17.3734676945
38.4337253155
30.816057005
21.6987289031
19.9993206386
22.9001431824
20.9511344206
37.8220801292
28.9973640318
25.8803565232
10.7274853622
29.589760358
12.2015701413
28.3302922305
21.2959312463
15.2809290148
23.6412658933
62.5099934763
16.7779920432
40.4261845387
46.3593442099
20.035550857
21.0833865741
15.7635346211
23.656869942
61.3138610118
51.4506848901
21.5811572259
16.1958491405
28.1353473548
10.9295628408
22.0418703962
11.3178937412
14.078550123
