#|num|weight|mean|covariance matrix|
|0|2481.47477158|121.4373283 26.4943275196 114.586658332|57.7883576018 11.1943308066 -16.9994947609 11.1943308066 25.9720768922 3.84507164091 -16.9994947609 3.84507164091 20.0131037863|
|1|2126.14433224|151.666202291 40.8813356801 109.065383489|17.4380759085 5.55991348549 1.97415092542 5.55991348549 27.670208754 -8.92093452666 1.97415092542 -8.92093452666 29.5284287279|
|2|2576.35441007|129.279692643 42.5085202277 112.911403054|27.650457964 2.74309043825 -0.929676532308 2.74309043825 20.5654112606 -7.53096379651 -0.929676532308 -7.53096379651 25.0169727973|
|3|1641.75196288|110.386976049 24.1497072656 127.239163164|13.1770123611 -11.7218499966 -5.24186602056 -11.7218499966 36.5721132449 8.28960062269 -5.24186602056 8.28960062269 18.6714826247|
|4|2825.44219587|134.511371236 28.2569067459 119.23991976|64.457796095 29.9665017054 -33.9766792646 29.9665017054 28.3002052256 -10.3685855464 -33.9766792646 -10.3685855464 45.5234214195|
|5|2744.52431288|121.189632414 33.5952163441 129.316248294|20.0320101701 8.06125607996 -6.19617622042 8.06125607996 27.6487536801 -5.24009056137 -6.19617622042 -5.24009056137 33.3743228275|
|6|1710.1011314|142.092215286 40.0770578339 120.376447606|58.0811963939 30.7077152038 -29.5917870014 30.7077152038 41.6383758755 -28.9320050012 -29.5917870014 -28.9320050012 29.427545884|
|7|2195.93711644|143.943864066 48.2186334975 105.541057764|14.1053769704 14.2561250472 -9.14231915598 14.2561250472 40.5597010097 -8.11363498386 -9.14231915598 -8.11363498386 29.9818869292|
|8|1388.42516662|119.258856714 15.3473395317 121.586095269|19.7184709767 9.08643120488 10.0932818343 9.08643120488 13.7291368637 7.304142324 10.0932818343 7.304142324 30.2183523219|
