#|num|weight|mean|covariance matrix|
|0|0.0238919462605|224.010413006 226.4236041 134.868623871|304.945449135 -49.3414013991 36.8366209391 -49.3414013991 65.6094908008 35.6993344116 36.8366209391 35.6993344116 91.861952851|
|1|0.0353345913745|139.63109079 156.490169338 190.716814275|62.2767711876 -63.4828442008 -45.9673197541 -63.4828442008 152.24243615 54.7937667336 -45.9673197541 54.7937667336 219.622277945|
|2|0.03587666775|192.901588958 214.74213256 177.521404621|515.838755016 -94.4765629577 117.394376321 -94.4765629577 39.6162223131 -26.9530184442 117.394376321 -26.9530184442 380.694447765|
|3|0.0212564386709|207.355911485 163.758653658 202.932001472|84.1817586169 54.1381070285 157.316653073 54.1381070285 82.4499541023 213.925106896 157.316653073 213.925106896 902.189232363|
|4|0.0195810492649|165.925255976 189.997362004 201.036463579|391.768130942 58.4014426724 -134.280594181 58.4014426724 46.4140399603 3.18742620694 -134.280594181 3.18742620694 177.508361555|
|5|0.0477762651967|181.839102811 155.862442816 160.117632788|317.144156188 173.441242516 -10.9487284361 173.441242516 226.266566361 -97.0491082405 -10.9487284361 -97.0491082405 160.848423977|
|6|0.0139876984949|158.585460663 213.240841518 198.957672465|205.828788954 -68.9265661893 -110.62384917 -68.9265661893 83.2326721792 -23.8880648535 -110.62384917 -23.8880648535 307.006979797|
|7|0.0401478963012|209.278508767 175.263985398 207.976784367|79.2343146876 36.5670414015 -78.3380046378 36.5670414015 417.519804515 -153.092968249 -78.3380046378 -153.092968249 305.754833515|
|8|0.0406078689372|154.215886912 238.20535505 172.510324629|89.6661481933 -1.31995263091 -9.60872421703 -1.31995263091 47.3957036717 3.75120954548 -9.60872421703 3.75120954548 166.460376868|
|9|0.0280410762851|210.914295711 184.656221843 234.639996728|173.836870541 63.3170255434 -36.6141738122 63.3170255434 81.9734475132 -39.6241632056 -36.6141738122 -39.6241632056 105.705732865|
|10|0.0150088390383|218.322235069 209.820942851 142.256342353|48.2455502907 -65.7589387648 3.9040297871 -65.7589387648 227.280684487 34.1867643083 3.9040297871 34.1867643083 192.195995349|
|11|0.00463378847861|238.495381669 180.417431851 241.495557993|301.057548024 20.7177906068 75.4959680056 20.7177906068 633.868539805 244.711442407 75.4959680056 244.711442407 137.011346848|
|12|0.0138057480755|154.500380354 171.149262698 218.760855192|178.58342492 145.649822498 -17.3859832036 145.649822498 201.950295548 -35.0436249176 -17.3859832036 -35.0436249176 79.7608524488|
|13|0.0241088365344|143.492338496 180.469013958 183.229041824|149.210816097 28.9927426204 -142.436218647 28.9927426204 68.6037738113 25.0093391126 -142.436218647 25.0093391126 286.875274138|
|14|0.0219267932935|198.410369912 235.034070369 147.220928423|85.8328332663 2.73652948239 42.8742307687 2.73652948239 40.8192020683 16.8980627767 42.8742307687 16.8980627767 129.721746929|
|15|0.0258878186401|189.062761252 195.871020366 134.141823692|47.3691152962 -22.9921016003 3.69199458536 -22.9921016003 288.752081681 -109.058071076 3.69199458536 -109.058071076 101.203757931|
|16|0.0221632575859|231.112554293 194.299929497 160.759418707|65.1481664426 35.8137578884 29.78962585 35.8137578884 127.84783431 64.4101945752 29.78962585 64.4101945752 140.361554438|
|17|0.00542790001944|160.779309316 153.059422292 236.518705633|1014.51024847 -357.431281405 463.809316662 -357.431281405 829.851161529 -274.168999507 463.809316662 -274.168999507 266.702510272|
|18|0.00750793384408|216.584874171 199.648509687 137.982950037|87.1200073049 108.589125811 209.674477586 108.589125811 363.914190818 205.372766821 209.674477586 205.372766821 867.824154886|
|19|0.0373050559664|211.25056628 141.129904211 175.450878812|134.311192364 6.2299558486 62.3087216272 6.2299558486 124.215252151 -84.9949897213 62.3087216272 -84.9949897213 157.420555256|
|20|0.0274533198656|164.000994251 205.663236981 222.373140687|75.0041043285 7.25851023473 12.2140802896 7.25851023473 34.7077389136 -17.8517711273 12.2140802896 -17.8517711273 161.479149457|
|21|0.0267002399134|170.688268784 139.676508685 194.176843591|97.4647636061 42.1576169541 -28.5198965405 42.1576169541 72.5074358605 12.055717924 -28.5198965405 12.055717924 208.002060521|
|22|0.0196775395606|232.86529174 155.160868017 203.061093892|26.0572536924 0.403931066765 13.7853466173 0.403931066765 40.1585037872 -2.09585524461 13.7853466173 -2.09585524461 333.53593717|
|23|0.0260849510244|136.415908014 176.505855881 225.959332528|66.593080742 -28.5135192427 29.4038268376 -28.5135192427 160.717537262 -33.5299231386 29.4038268376 -33.5299231386 73.7027206692|
|24|0.0159032677239|171.02731275 188.180855327 210.989541395|332.214729018 -229.389434903 394.501365669 -229.389434903 197.259550988 -294.864846733 394.501365669 -294.864846733 550.327854492|
|25|0.00791979314295|203.734447195 163.632428669 222.740357632|359.635089328 499.57971166 241.789104186 499.57971166 1616.14654432 376.865456442 241.789104186 376.865456442 194.335786599|
|26|0.00540067524377|197.366931512 167.705768423 147.540887629|270.315690882 -553.240039113 417.021994195 -553.240039113 2137.58779818 -370.603882798 417.021994195 -370.603882798 1084.06198317|
|27|0.0182105634367|157.941694732 183.580861516 186.868549656|41.1738206665 -17.7409208153 -11.6703408936 -17.7409208153 1301.7992175 -63.2263543438 -11.6703408936 -63.2263543438 53.2528597179|
|28|0.024246364602|229.871052462 169.911411827 193.351393042|48.9953359481 -8.16114474199 38.7793740341 -8.16114474199 60.6392105092 54.9358369525 38.7793740341 54.9358369525 286.768305241|
|29|0.0187526900417|177.267676722 143.263091496 184.017145104|843.656530545 0.449934734184 165.652023066 0.449934734184 95.7968308146 -15.6606644113 165.652023066 -15.6606644113 72.5244127565|
|30|0.0205799593832|225.283556744 148.389251786 208.089397409|116.476113263 128.746531605 23.3460621684 128.746531605 214.338300329 68.7089164739 23.3460621684 68.7089164739 182.701026989|
|31|0.0272000979519|208.8789059 195.624250488 191.769031844|93.455704487 24.1359696598 25.8934400602 24.1359696598 69.4182446153 85.5044094558 25.8934400602 85.5044094558 332.969258086|
|32|0.00240637230355|165.530922862 208.384794622 158.153206853|1923.57496977 803.111405313 376.104817847 803.111405313 582.837033257 255.520207507 376.104817847 255.520207507 130.265030595|
|33|0.0026461049291|151.682735032 184.669779277 100.648734847|315.859353209 -273.289840094 -52.9343107981 -273.289840094 458.668568338 97.9534351709 -52.9343107981 97.9534351709 44.0767929134|
|34|0.00470794051782|169.434619764 227.490672657 255.074605177|521.531808971 -155.917487808 217.846135972 -155.917487808 499.036455542 -244.743749742 217.846135972 -244.743749742 338.59883896|
|35|0.016183327482|218.206965288 224.906463184 162.688654841|333.831661234 -14.3224371706 -136.792731328 -14.3224371706 53.4333940356 -25.3764304288 -136.792731328 -25.3764304288 112.196400677|
|36|0.0413255506561|188.698556901 203.180821275 156.89986347|100.583140315 0.503317147865 140.027982353 0.503317147865 124.181978211 32.6518350405 140.027982353 32.6518350405 356.59528987|
|37|0.00414519900024|143.97046223 128.033489963 225.519241332|142.013024054 -48.7062684692 -43.2931304316 -48.7062684692 79.9638940371 25.0386491728 -43.2931304316 25.0386491728 37.2779907083|
|38|0.0110666433338|141.002651797 221.91812918 171.223279644|80.2474894242 38.1833782992 -58.3510640681 38.1833782992 77.2228492111 -80.7301168889 -58.3510640681 -80.7301168889 170.243007138|
|39|0.00916318788332|162.800434236 146.302357487 212.422821117|115.955788193 -233.628164598 -241.982193429 -233.628164598 605.643647189 610.713284223 -241.982193429 610.713284223 668.773778048|
|40|0.0127214639874|176.963213217 145.676790018 202.922236343|786.228814008 -311.685782994 -158.272715893 -311.685782994 151.963040557 81.178534719 -158.272715893 81.178534719 111.685434784|
|41|0.00209489556106|218.95884297 165.239892434 92.0039992411|154.590621659 19.0366363986 50.7898152986 19.0366363986 121.648654331 -48.3748498923 50.7898152986 -48.3748498923 78.3921014978|
|42|0.0314179882766|240.586280121 199.016383881 137.104796114|113.602440936 15.8911691036 49.5128777061 15.8911691036 124.703129845 -58.581964296 49.5128777061 -58.581964296 111.605133466|
|43|0.0482182126791|193.526539894 212.721943262 212.340169471|429.714480292 -148.711136207 231.844989912 -148.711136207 97.2978161364 -113.943329698 231.844989912 -113.943329698 246.768334081|
|44|0.0317697064334|250.097631837 208.271206866 155.867622402|46.5826441781 -20.3726324012 -6.9370409219 -20.3726324012 146.693123179 -72.8138600806 -6.9370409219 -72.8138600806 153.179475398|
|45|0.0019607981792|226.820446785 263.719572689 185.086481542|256.383115195 -109.861936336 38.5301821286 -109.861936336 74.9767603863 -45.3991696447 38.5301821286 -45.3991696447 185.868470899|
|46|0.0297157062873|153.731683398 185.902689317 166.913044472|52.7919990645 13.8806969546 -11.6767758674 13.8806969546 356.580391867 -150.488715085 -11.6767758674 -150.488715085 162.14301316|
|47|0.0231652602186|164.497122416 165.298231818 234.389421238|58.8399427917 -39.9880077498 -5.81140200872 -39.9880077498 155.857124255 -7.69434500466 -5.81140200872 -7.69434500466 69.2959148395|
|48|0.00275008051949|259.991010843 160.323134952 171.5879971|466.562493971 343.006267986 138.420820837 343.006267986 938.24636863 527.666463949 138.420820837 527.666463949 718.656922435|
|49|0.00213462984963|159.238777375 144.083759124 109.848723343|435.855908396 176.103294933 -266.805174981 176.103294933 303.083460061 -183.592694267 -266.805174981 -183.592694267 276.904773741|
